0 0.0453125 0.36953125 0.01015625 0.04140625
1 0.2859375 0.25234375 0.0171875 0.015625
1 0.14375 0.51640625 0.01640625 0.01796875
1 0.34609375 0.5578125 0.0125 0.0140625
1 0.63671875 0.33125 0.0171875 0.01171875
2 0.715625 0.2171875 0.0234375 0.0765625
2 0.7359375 0.2953125 0.0203125 0.0765625
1 0.84453125 0.29140625 0.0140625 0.01640625
1 0.48828125 0.23125 0.0109375 0.01171875
1 0.67421875 0.69296875 0.02109375 0.0203125
2 0.41953125 0.725 0.06015625 0.0390625
2 0.49375 0.759375 0.08125 0.0265625
2 0.171875 0.80390625 0.015625 0.11640625
1 0.26875 0.846875 0.0140625 0.02109375
0 0.31875 0.971875 0.01953125 0.01171875
0 0.52265625 0.0328125 0.05390625 0.01484375
0 0.7328125 0.03359375 0.0203125 0.0109375
0 0.9421875 0.440625 0.0109375 0.05
0 0.92890625 0.94296875 0.0234375 0.03359375
0 0.603125 0.9671875 0.03828125 0.01171875
1 0.80234375 0.53984375 0.01171875 0.0125
1 0.6328125 0.11640625 0.0078125 0.01015625