0 0.59921875 0.04375 0.02421875 0.01171875
0 0.78125 0.04609375 0.0203125 0.00703125
0 0.8515625 0.96484375 0.03359375 0.01171875
0 0.96640625 0.9578125 0.0234375 0.01171875
0 0.02578125 0.89921875 0.0078125 0.02421875
0 0.0203125 0.465625 0.0125 0.015625
1 0.2375 0.25859375 0.02109375 0.0125
1 0.47421875 0.18203125 0.00703125 0.00859375
1 0.4390625 0.403125 0.00703125 0.01015625
1 0.5515625 0.328125 0.00625 0.0078125
1 0.6765625 0.296875 0.00546875 0.00703125
1 0.56328125 0.50234375 0.0078125 0.00703125
1 0.25625 0.61328125 0.00859375 0.01171875
1 0.15078125 0.8625 0.01015625 0.0078125
1 0.74765625 0.12734375 0.01328125 0.0171875
1 0.8640625 0.84453125 0.0125 0.01171875
2 0.36171875 0.93671875 0.015625 0.0890625
2 0.3796875 0.8 0.0421875 0.02734375
2 0.46953125 0.76484375 0.13515625 0.040625
2 0.59375 0.753125 0.10390625 0.0140625
2 0.7109375 0.73515625 0.08828125 0.0484375
2 0.75859375 0.6359375 0.0140625 0.13828125
1 0.65859375 0.75859375 0.00703125 0.00234375
1 0.9171875 0.1984375 0.00625 0.0046875
0 0.80234375 0.04609375 0.0171875 0.00546875
2 0.35 0.8390625 0.01328125 0.04609375