1 0.0578125 0.5640625 0.00625 0.00703125
1 0.33203125 0.50859375 0.0109375 0.0078125
1 0.65546875 0.48984375 0.01015625 0.00703125
1 0.503125 0.31484375 0.00625 0.00625
2 0.93828125 0.7421875 0.0453125 0.01015625
2 0.89609375 0.75078125 0.03828125 0.01015625
2 0.86328125 0.759375 0.025 0.0078125
2 0.83046875 0.76796875 0.03671875 0.0125
0 0.0328125 0.0390625 0.01171875 0.0046875
0 0.9703125 0.06171875 0.00390625 0.01328125
1 0.51171875 0.7140625 0.0046875 0.00703125
1 0.1375 0.20625 0.00390625 0.00390625
1 0.22578125 0.3015625 0.00390625 0.003125
1 0.64296875 0.459375 0.00390625 0.00390625