1 0.61328125 0.38671875 0.015625 0.015625
1 0.29140625 0.77578125 0.01640625 0.0171875
0 0.5171875 0.95078125 0.02421875 0.01015625
1 0.86484375 0.86484375 0.0078125 0.009375
1 0.84609375 0.5984375 0.00859375 0.00625
0 0.95234375 0.3453125 0.0109375 0.034375
0 0.359375 0.03359375 0.0390625 0.01484375
0 0.05703125 0.17890625 0.01015625 0.0296875
0 0.14140625 0.940625 0.03203125 0.00625
2 0.22265625 0.1125 0.02890625 0.16015625
1 0.2390625 0.1984375 0.0046875 0.0109375
1 0.2578125 0.275 0.009375 0.0171875
1 0.409375 0.14609375 0.00859375 0.009375
2 0.24765625 0.23515625 0.01484375 0.0578125
2 0.2640625 0.3234375 0.0140625 0.07734375
2 0.2734375 0.4171875 0.00859375 0.1046875
2 0.28125 0.5390625 0.00703125 0.1328125
2 0.28828125 0.6984375 0.009375 0.13359375
2 0.303125 0.8671875 0.021875 0.1625
2 0.19375 0.80078125 0.0203125 0.096875
2 0.22890625 0.6171875 0.01796875 0.11015625
2 0.2125 0.71171875 0.01875 0.078125
2 0.084375 0.41171875 0.0609375 0.05703125
2 0.14609375 0.4671875 0.06015625 0.0515625
2 0.2078125 0.52578125 0.059375 0.0625
2 0.43203125 0.90859375 0.02734375 0.08359375
2 0.40078125 0.825 0.03515625 0.0796875
2 0.3546875 0.7859375 0.01328125 0.08125
2 0.37421875 0.6953125 0.02265625 0.0921875
2 0.39765625 0.6 0.02578125 0.09453125
2 0.4203125 0.5078125 0.0203125 0.08671875
2 0.440625 0.42578125 0.01796875 0.07421875
2 0.46171875 0.3421875 0.021875 0.08671875
2 0.48515625 0.253125 0.0234375 0.08671875
2 0.5109375 0.17421875 0.0265625 0.06953125
2 0.5 0.09765625 0.05078125 0.06328125
2 0.54921875 0.15703125 0.040625 0.05
2 0.59375 0.2109375 0.04453125 0.05625
2 0.63828125 0.2671875 0.04140625 0.05234375
2 0.67578125 0.3109375 0.028125 0.034375
2 0.546875 0.08203125 0.03828125 0.08828125
2 0.81328125 0.5421875 0.10703125 0.04140625
2 0.70390625 0.49765625 0.10703125 0.04375
2 0.8609375 0.65078125 0.11640625 0.01015625
2 0.746875 0.659375 0.10859375 0.015625
2 0.6390625 0.63671875 0.10625 0.0359375
2 0.5453125 0.628125 0.0765625 0.0203125
2 0.7625 0.83359375 0.071875 0.05703125
2 0.68828125 0.7828125 0.07265625 0.04609375
2 0.3734375 0.7640625 0.0203125 0.040625
2 0.3140625 0.6625 0.03359375 0.05390625
2 0.34609375 0.715625 0.028125 0.04921875
2 0.60859375 0.45546875 0.08515625 0.0390625
2 0.509375 0.4109375 0.11171875 0.046875
2 0.40234375 0.375 0.0890625 0.02265625