0 0.28125 0.0359375 0.028125 0.01015625
0 0.2640625 0.03359375 0.00546875 0.00546875
0 0.2984375 0.0328125 0.0046875 0.0046875
0 0.3078125 0.034375 0.0140625 0.01015625
0 0.3390625 0.03125 0.01015625 0.00625
0 0.97265625 0.028125 0.00859375 0.00859375
0 0.97578125 0.04140625 0.003125 0.0078125
0 0.971875 0.3796875 0.01640625 0.028125
0 0.9734375 0.40546875 0.015625 0.0203125
0 0.96328125 0.8078125 0.02421875 0.03984375
0 0.915625 0.965625 0.01328125 0.00625
0 0.8296875 0.96875 0.02734375 0.00546875
0 0.34921875 0.971875 0.03125 0.015625
0 0.04453125 0.96953125 0.0046875 0.01015625
0 0.0390625 0.83046875 0.00625 0.01171875
0 0.0359375 0.81953125 0.00234375 0.009375
0 0.03828125 0.84375 0.0046875 0.0125
1 0.37890625 0.28515625 0.00703125 0.0078125
1 0.28828125 0.646875 0.00546875 0.00546875
1 0.5671875 0.53515625 0.0078125 0.00625
1 0.5109375 0.77265625 0.00390625 0.00390625
1 0.1859375 0.8109375 0.00703125 0.00546875
1 0.846875 0.8515625 0.00703125 0.00625
1 0.69921875 0.63359375 0.00546875 0.00703125
1 0.71171875 0.309375 0.00546875 0.00625
1 0.87578125 0.1328125 0.0109375 0.01171875