0 0.246875 0.0390625 0.04765625 0.01015625
0 0.678125 0.9578125 0.009375 0.00390625
0 0.70078125 0.95546875 0.034375 0.0078125
1 0.259375 0.7140625 0.00703125 0.00546875
1 0.50703125 0.50234375 0.0078125 0.009375
1 0.67421875 0.725 0.00859375 0.00859375
0 0.9484375 0.8671875 0.00625 0.0171875
1 0.84765625 0.309375 0.00859375 0.0078125
1 0.86015625 0.49296875 0.0046875 0.0046875
1 0.6015625 0.23046875 0.0078125 0.00859375
1 0.80546875 0.1046875 0.00625 0.00625
1 0.25 0.26484375 0.00703125 0.00859375
0 0.04453125 0.07734375 0.0078125 0.021875
0 0.071875 0.89765625 0.009375 0.02421875
2 0.171875 0.83828125 0.21484375 0.0328125
0 0.9296875 0.94453125 0.0390625 0.0078125