0 0.0390625 0.03359375 0.00859375 0.00859375
2 0.08203125 0.33515625 0.090625 0.0140625
1 0.27421875 0.27734375 0.0078125 0.009375
1 0.3609375 0.50703125 0.00625 0.009375
1 0.19609375 0.7109375 0.00859375 0.00703125
1 0.43671875 0.73046875 0.00546875 0.0046875
1 0.61484375 0.60625 0.009375 0.00859375
1 0.31328125 0.89921875 0.00625 0.00546875
0 0.653125 0.95703125 0.02578125 0.01953125
1 0.85078125 0.8296875 0.00546875 0.00546875
1 0.8453125 0.384375 0.00703125 0.01015625
1 0.6890625 0.23671875 0.0078125 0.0078125
0 0.0578125 0.95 0.0078125 0.01875