1 0.48828125 0.3375 0.01875 0.0109375
1 0.6390625 0.39765625 0.0140625 0.0140625
2 0.540625 0.15390625 0.1484375 0.02265625
1 0.7015625 0.22578125 0.009375 0.00703125
1 0.5171875 0.66015625 0.0078125 0.00625
1 0.38984375 0.77265625 0.0078125 0.00859375
1 0.5484375 0.7859375 0.01328125 0.0125
1 0.7234375 0.74453125 0.0078125 0.00703125
1 0.23203125 0.596875 0.009375 0.0140625
2 0.8171875 0.73203125 0.08671875 0.15546875
0 0.959375 0.81875 0.0078125 0.03671875
1 0.890625 0.4625 0.00859375 0.00859375
1 0.8140625 0.15078125 0.01171875 0.0109375
0 0.6953125 0.0265625 0.0125 0.01015625
1 0.22109375 0.16875 0.00625 0.00625
0 0.03203125 0.0953125 0.00703125 0.028125
0 0.04453125 0.7421875 0.00703125 0.01796875
0 0.03984375 0.65390625 0.00625 0.0109375
2 0.25859375 0.9 0.03359375 0.13671875
0 0.4640625 0.9640625 0.04375 0.00859375