2 0.2578125 0.2734375 0.14140625 0.04921875
2 0.59296875 0.4734375 0.01328125 0.14609375
1 0.484375 0.50625 0.021875 0.0203125
1 0.771875 0.52265625 0.01875 0.01171875
1 0.41015625 0.84375 0.0078125 0.00703125
1 0.7625 0.7984375 0.0078125 0.0078125
2 0.25 0.746875 0.21171875 0.01796875
1 0.5828125 0.1703125 0.0203125 0.0140625
2 0.2203125 0.10859375 0.0796875 0.0046875
0 0.04921875 0.1109375 0.01328125 0.01796875
0 0.046875 0.05546875 0.00859375 0.00625
0 0.0609375 0.8328125 0.01015625 0.04375
0 0.17734375 0.95390625 0.01328125 0.00859375
0 0.71484375 0.95 0.0296875 0.0078125
0 0.9578125 0.83828125 0.00625 0.01328125
1 0.6890625 0.3484375 0.00703125 0.00625
1 0.878125 0.13671875 0.01796875 0.01640625
0 0.78828125 0.04453125 0.05 0.00625
1 0.5796875 0.70234375 0.00703125 0.009375
1 0.3984375 0.6515625 0.00625 0.00703125