0 0.8734375 0.02734375 0.01796875 0.009375
0 0.89140625 0.0265625 0.01171875 0.00546875
0 0.90859375 0.02578125 0.01875 0.00546875
0 0.971875 0.028125 0.0046875 0.00703125
0 0.0359375 0.0328125 0.0046875 0.00546875
0 0.0390625 0.34140625 0.0078125 0.01484375
0 0.03984375 0.3578125 0.0078125 0.015625
0 0.06875 0.96796875 0.01953125 0.0125
0 0.06171875 0.95703125 0.00703125 0.0078125
0 0.4890625 0.97109375 0.0171875 0.0046875
0 0.5078125 0.96796875 0.0203125 0.01015625
2 0.9265625 0.40078125 0.10625 0.01328125
2 0.83515625 0.403125 0.0546875 0.0109375
2 0.7203125 0.42734375 0.07109375 0.02109375
2 0.5796875 0.4625 0.13046875 0.034375
2 0.46640625 0.4921875 0.08125 0.02109375
2 0.38671875 0.51171875 0.071875 0.02109375
2 0.284375 0.55234375 0.115625 0.065625
2 0.21328125 0.665625 0.01875 0.1296875
2 0.22265625 0.80390625 0.01484375 0.03203125
1 0.33671875 0.74296875 0.00546875 0.00390625
1 0.665625 0.4390625 0.02734375 0.0125