0 0.5203125 0.05078125 0.0203125 0.0140625
0 0.95546875 0.06796875 0.02109375 0.015625
0 0.9515625 0.66015625 0.009375 0.02890625
0 0.14609375 0.94609375 0.01953125 0.01171875
2 0.18624610156250002 0.24660669531249998 0.17880338906249998 0.26114394375 0.3358691265625 0.3024086546875 0.3410285421875 0.28807420625 0.18624610156250002 0.24660669531249998
2 0.889679815625 0.6733378375 0.8774629640624999 0.6711986296875 0.811348265625 0.7874291953125 0.8206905531249999 0.79955140625 0.867402021875 0.7300269859374999 0.889679815625 0.6733378375
2 0.15625 0.5984375 0.11171875 0.02109375
2 0.5732964921875 0.5069669203125 0.3733637421875 0.5540993515625 0.3766987171875 0.56786329375 0.5758969921875 0.5219329671875 0.5732964921875 0.5069669203125
1 0.35 0.56796875 0.025 0.01484375
2 0.7984375 0.39296875 0.02734375 0.059375
2 0.771875 0.4453125 0.03515625 0.034375
2 0.67421875 0.48984375 0.15 0.04375
1 0.49140625 0.725 0.01015625 0.00859375
1 0.86953125 0.5953125 0.00859375 0.00859375