1 0.23359375 0.19375 0.01640625 0.015625
1 0.40390625 0.1796875 0.00703125 0.00546875
1 0.67421875 0.29140625 0.009375 0.00703125
1 0.2140625 0.37265625 0.00859375 0.0078125
1 0.4265625 0.509375 0.00703125 0.00546875
1 0.25703125 0.58359375 0.01484375 0.01328125
1 0.4828125 0.734375 0.0125 0.0140625
1 0.16015625 0.85546875 0.015625 0.01484375
1 0.7171875 0.67265625 0.0125 0.01640625
1 0.77578125 0.84453125 0.0078125 0.0046875
1 0.16796875 0.90546875 0.00546875 0.003125
1 0.365625 0.8625 0.00703125 0.00546875
0 0.57890625 0.9609375 0.028125 0.0109375
0 0.3609375 0.04609375 0.0328125 0.0125
0 0.44921875 0.04375 0.02734375 0.00859375
0 0.6640625 0.04453125 0.00703125 0.00703125
0 0.96484375 0.0546875 0.00859375 0.00546875
0 0.96640625 0.3765625 0.01015625 0.0265625
0 0.96640625 0.5640625 0.00703125 0.0125
0 0.96484375 0.5875 0.00703125 0.009375
0 0.95703125 0.85078125 0.00859375 0.0125
0 0.95625 0.88671875 0.00390625 0.009375
0 0.09375 0.9609375 0.0140625 0.0078125
0 0.04140625 0.69296875 0.0078125 0.0140625
0 0.03671875 0.22421875 0.00859375 0.03046875
1 0.1140625 0.11015625 0.0078125 0.00625