0 0.0265625 0.03515625 0.0078125 0.02421875
0 0.0375 0.03125 0.0125 0.01953125
0 0.02578125 0.4828125 0.00390625 0.01171875
0 0.03046875 0.49453125 0.01015625 0.01171875
0 0.028125 0.50625 0.00625 0.01015625
0 0.04609375 0.978125 0.00390625 0.00546875
0 0.9578125 0.96640625 0.00625 0.009375
0 0.959375 0.91640625 0.00703125 0.01484375
0 0.96015625 0.92890625 0.0046875 0.0078125
0 0.9625 0.8890625 0.003125 0.00390625
1 0.8515625 0.4140625 0.00546875 0.0046875
0 0.97578125 0.37890625 0.00546875 0.01171875
0 0.9765625 0.3890625 0.00390625 0.00625
0 0.97265625 0.4015625 0.01015625 0.0140625
0 0.975 0.4140625 0.00625 0.01015625
0 0.97421875 0.0296875 0.00625 0.00390625
0 0.8234375 0.025 0.0078125 0.00390625
0 0.846875 0.0265625 0.01796875 0.00546875
0 0.69375 0.02265625 0.00625 0.0046875
0 0.73984375 0.0234375 0.0140625 0.00390625
0 0.31015625 0.02265625 0.03125 0.00859375
0 0.33984375 0.025 0.025 0.0140625
1 0.29453125 0.14609375 0.01484375 0.01796875
1 0.515625 0.4703125 0.00390625 0.0046875
1 0.53828125 0.6875 0.00390625 0.00390625
1 0.790625 0.71796875 0.0046875 0.0046875
1 0.47421875 0.85625 0.003125 0.00390625
1 0.228125 0.75546875 0.00390625 0.00390625
1 0.759375 0.22734375 0.00703125 0.0078125
1 0.559375 0.19140625 0.00703125 0.01015625
1 0.1265625 0.2875 0.00390625 0.003125