2 0.503125 0.4578125 0.02109375 0.2921875
1 0.16171875 0.3953125 0.0140625 0.021875
1 0.33125 0.27890625 0.0046875 0.00546875
1 0.63515625 0.746875 0.015625 0.01015625
0 0.71171875 0.97109375 0.0609375 0.00703125
0 0.77109375 0.97109375 0.01640625 0.00390625
1 0.8375 0.87421875 0.01796875 0.015625
1 0.81640625 0.4484375 0.0109375 0.0125
1 0.76640625 0.15 0.00625 0.00546875
0 0.78671875 0.01015625 0.00546875 0.00234375
0 0.67421875 0.00859375 0.00703125 0.00234375
0 0.96328125 0.021875 0.01953125 0.015625
0 0.97421875 0.2765625 0.0046875 0.00859375
0 0.96875 0.69453125 0.01171875 0.0359375
0 0.96875 0.79453125 0.00546875 0.00546875
0 0.9609375 0.959375 0.0125 0.01171875
1 0.20078125 0.88046875 0.0140625 0.01171875
0 0.190625 0.978125 0.00546875 0.0015625
0 0.2046875 0.978125 0.00546875 0.00234375
0 0.05390625 0.83671875 0.003125 0.0046875
0 0.03828125 0.25859375 0.01015625 0.05234375
1 0.0953125 0.01875 0.0046875 0.003125
1 0.10078125 0.01875 0.00390625 0.003125
0 0.27265625 0.0109375 0.00390625 0.003125
1 0.28046875 0.6859375 0.009375 0.0078125
2 0.96328125 0.32265625 0.01171875 0.55703125
1 0.5078125 0.30234375 0.00703125 0.01328125
2 0.51171875 0.23203125 0.01328125 0.121875
1 0.5140625 0.16171875 0.00703125 0.009375
1 0.515625 0.13359375 0.00703125 0.02734375
1 0.515625 0.10859375 0.0078125 0.0140625
1 0.51484375 0.08984375 0.0046875 0.00859375
1 0.515625 0.05859375 0.00703125 0.01328125
2 0.515625 0.02578125 0.00546875 0.0328125