0 0.05390625 0.5125 0.00859375 0.03203125
1 0.196875 0.4859375 0.00859375 0.009375
1 0.453125 0.56171875 0.0140625 0.01484375
2 0.778125 0.48515625 0.1640625 0.02109375
1 0.7984375 0.61953125 0.0078125 0.0078125
1 0.8203125 0.8328125 0.02265625 0.0234375
2 0.38515625 0.69609375 0.02265625 0.08984375
2 0.4109375 0.790625 0.02734375 0.09453125
1 0.2625 0.771875 0.02265625 0.025
1 0.54140625 0.796875 0.0078125 0.0078125
1 0.71640625 0.37109375 0.00859375 0.01171875
1 0.50859375 0.36484375 0.00703125 0.00703125
1 0.54375 0.20234375 0.0140625 0.01328125
1 0.2765625 0.27890625 0.00859375 0.01328125
2 0.3484375 0.3375 0.07578125 0.02421875
2 0.421875 0.31328125 0.06875 0.02265625
0 0.71015625 0.06015625 0.02109375 0.0078125
0 0.9265625 0.06640625 0.01171875 0.00625
0 0.92890625 0.35859375 0.0109375 0.03125
0 0.928125 0.59453125 0.0078125 0.009375
0 0.0734375 0.9546875 0.0140625 0.009375
0 0.3078125 0.95859375 0.02578125 0.00859375