1 0.3125 0.29765625 0.00859375 0.009375
1 0.16015625 0.57421875 0.0078125 0.00703125
1 0.521875 0.57265625 0.00859375 0.00859375
1 0.77890625 0.45859375 0.01015625 0.01171875
1 0.7765625 0.7125 0.00703125 0.00703125
2 0.628125 0.0828125 0.015625 0.07578125
2 0.66171875 0.20625 0.01328125 0.0609375
2 0.43515625 0.07421875 0.01015625 0.0546875
2 0.33671875 0.1609375 0.05703125 0.021875
2 0.4078125 0.12109375 0.04140625 0.0390625
1 0.63828125 0.12421875 0.00546875 0.00625
2 0.6515625 0.1484375 0.01796875 0.0375
2 0.7046875 0.5859375 0.0171875 0.04921875
1 0.671875 0.3015625 0.0046875 0.0046875
0 0.9625 0.04921875 0.0078125 0.01171875
0 0.83984375 0.95703125 0.0171875 0.00546875