0 0.3390625 0.0546875 0.0375 0.009375
0 0.3640625 0.053125 0.0109375 0.00546875
0 0.68828125 0.0625 0.00703125 0.0046875
0 0.70078125 0.06484375 0.01640625 0.00859375
0 0.94453125 0.0765625 0.0109375 0.01015625
0 0.95546875 0.39296875 0.00703125 0.00859375
0 0.95703125 0.40078125 0.0046875 0.00625
0 0.95703125 0.4125 0.00625 0.0140625
1 0.8890625 0.709375 0.009375 0.0125
0 0.9578125 0.95390625 0.00625 0.00390625
0 0.75390625 0.96328125 0.015625 0.00703125
0 0.76953125 0.96328125 0.01484375 0.0046875
0 0.58828125 0.9703125 0.0265625 0.0046875
0 0.24296875 0.97421875 0.04453125 0.00546875
0 0.2875 0.9734375 0.0421875 0.00703125
1 0.203125 0.76015625 0.0125 0.00703125
1 0.475 0.7984375 0.009375 0.01484375
1 0.5953125 0.68125 0.00546875 0.00546875
1 0.30546875 0.5578125 0.00703125 0.00546875
0 0.02265625 0.45625 0.00703125 0.0171875
0 0.02421875 0.47109375 0.0078125 0.0109375
0 0.028125 0.484375 0.0171875 0.015625
0 0.025 0.496875 0.01015625 0.00859375
1 0.11875 0.33671875 0.00625 0.00546875
1 0.3515625 0.3796875 0.01796875 0.0109375
1 0.5171875 0.4140625 0.00546875 0.00703125
1 0.67890625 0.559375 0.01171875 0.0078125
1 0.66015625 0.19453125 0.0109375 0.0078125
1 0.7890625 0.3453125 0.00546875 0.00625
1 0.19921875 0.45859375 0.003125 0.003125
1 0.2328125 0.48046875 0.00234375 0.003125