2 0.5390625 0.365625 0.02265625 0.18359375
2 0.2171875 0.1203125 0.04375 0.0375
2 0.16953125 0.16171875 0.04921875 0.04296875
0 0.0359375 0.0390625 0.01015625 0.01171875
0 0.51328125 0.034375 0.04140625 0.01875
1 0.66171875 0.103125 0.015625 0.01796875
1 0.26875 0.44609375 0.009375 0.01015625
2 0.76171875 0.47265625 0.046875 0.01796875
2 0.8125 0.48984375 0.0515625 0.01875
0 0.94921875 0.4828125 0.01328125 0.02890625
2 0.6515625 0.7765625 0.065625 0.02265625
2 0.5828125 0.796875 0.06484375 0.01875
0 0.45 0.96484375 0.03203125 0.01015625
0 0.92890625 0.95546875 0.02109375 0.0203125
2 0.1734375 0.86875 0.0734375 0.00625
0 0.046875 0.94609375 0.0078125 0.01875
0 0.05078125 0.8375 0.02265625 0.040625
0 0.0359375 0.58828125 0.00703125 0.028125