0 0.0515625 0.3296875 0.01015625 0.01328125
1 0.153125 0.38359375 0.00859375 0.01015625
2 0.32734375 0.54609375 0.16171875 0.01875
0 0.0625 0.74609375 0.01015625 0.0390625
1 0.19375 0.7375 0.01875 0.02109375
0 0.18828125 0.95234375 0.0125 0.01328125
0 0.20234375 0.95546875 0.01015625 0.009375
1 0.4546875 0.84453125 0.0125 0.0125
2 0.7921875 0.7859375 0.0109375 0.11875
0 0.909375 0.87421875 0.01015625 0.0234375
1 0.74765625 0.6265625 0.0140625 0.01328125
2 0.85625 0.33046875 0.02421875 0.06484375
2 0.83046875 0.39609375 0.028125 0.0640625
1 0.690625 0.2109375 0.0109375 0.01171875
2 0.51171875 0.228125 0.06171875 0.02265625
2 0.58125 0.2515625 0.075 0.02109375
1 0.36640625 0.2421875 0.01796875 0.02265625
1 0.55703125 0.40703125 0.01640625 0.01875
1 0.73359375 0.39609375 0.01015625 0.0109375
1 0.3734375 0.5890625 0.009375 0.00859375
2 0.56171875 0.6265625 0.0234375 0.0265625
2 0.53671875 0.65546875 0.025 0.0296875
1 0.275 0.90390625 0.00859375 0.009375
0 0.6609375 0.0375 0.03984375 0.009375
1 0.1234375 0.09921875 0.0078125 0.00703125