1 0.31953125 0.36875 0.00625 0.0078125
0 0.58203125 0.9703125 0.0109375 0.00703125
0 0.35234375 0.0375 0.04921875 0.0078125
0 0.24609375 0.03828125 0.01015625 0.00625
0 0.228125 0.03671875 0.0078125 0.00390625
0 0.06171875 0.95234375 0.00703125 0.0328125
1 0.70234375 0.9515625 0.00234375 0.00390625
1 0.7140625 0.9671875 0.003125 0.00234375
0 0.9484375 0.96171875 0.025 0.0078125
0 0.96328125 0.8328125 0.00546875 0.040625
1 0.8578125 0.85625 0.00234375 0.00390625
0 0.97578125 0.04921875 0.0046875 0.0078125
2 0.7328125 0.07109375 0.01328125 0.06953125
2 0.671875 0.4203125 0.02734375 0.5328125
2 0.6984375 0.13671875 0.03046875 0.03203125