1 0.60703125 0.23203125 0.00703125 0.009375
1 0.4046875 0.2609375 0.00546875 0.00546875
1 0.22265625 0.259375 0.00546875 0.00546875
1 0.3390625 0.38359375 0.003125 0.00390625
1 0.46015625 0.63828125 0.0046875 0.0046875
1 0.253125 0.74375 0.0078125 0.00625
1 0.41953125 0.88515625 0.00703125 0.00625
1 0.68203125 0.79921875 0.00390625 0.0046875
1 0.6828125 0.8234375 0.00390625 0.00234375
1 0.5421875 0.5453125 0.0046875 0.00390625
1 0.47734375 0.509375 0.003125 0.00390625
1 0.73984375 0.3921875 0.00625 0.00703125
1 0.80546875 0.66484375 0.00546875 0.00625
1 0.95625 0.71796875 0.0046875 0.00703125
1 0.88125 0.70859375 0.0046875 0.003125
1 0.903125 0.93046875 0.00703125 0.00546875
2 0.90078125 0.37890625 0.11875 0.03359375
2 0.8265625 0.3140625 0.02890625 0.09453125
0 0.0546875 0.16875 0.00390625 0.0109375
0 0.0546875 0.14765625 0.003125 0.00625
0 0.05390625 0.13515625 0.003125 0.00625
0 0.0546875 0.11875 0.003125 0.01015625
1 0.1890625 0.5109375 0.00703125 0.0078125
0 0.0640625 0.68046875 0.00703125 0.0109375
1 0.0703125 0.65234375 0.00546875 0.00390625
0 0.0734375 0.925 0.0046875 0.0125
0 0.07265625 0.91015625 0.00390625 0.015625
0 0.0703125 0.878125 0.0046875 0.0078125
0 0.071875 0.89765625 0.0046875 0.00859375
0 0.68359375 0.98125 0.0234375 0.00703125
2 0.29609375 0.30390625 0.08046875 0.14921875
2 0.40703125 0.4484375 0.12890625 0.1171875
2 0.509375 0.52890625 0.0578125 0.03203125
2 0.5890625 0.57109375 0.0875 0.04453125
2 0.68203125 0.6125 0.09296875 0.03671875
2 0.76640625 0.64453125 0.071875 0.0296875
2 0.55 0.83515625 0.025 0.0046875
2 0.72109375 0.67734375 0.0421875 0.00546875
2 0.84453125 0.68671875 0.06484375 0.03828125
2 0.9203125 0.7140625 0.065625 0.0078125
2 0.91484375 0.9515625 0.05078125 0.0109375