0 0.04765625 0.17734375 0.0140625 0.01640625
0 0.0515625 0.06015625 0.01640625 0.0265625
0 0.04296875 0.53984375 0.01015625 0.0265625
0 0.97421875 0.303125 0.01328125 0.04921875
0 0.590625 0.95078125 0.028125 0.01171875
0 0.1234375 0.04921875 0.0203125 0.00859375
0 0.0453125 0.16328125 0.00703125 0.0125
2 0.40390625 0.4796875 0.159375 0.0234375
2 0.58203125 0.51875 0.17734375 0.0609375
2 0.7484375 0.60078125 0.15 0.09609375
2 0.87109375 0.696875 0.0765625 0.0828125
2 0.9375 0.77734375 0.04609375 0.07578125