2 0.2796875 0.259375 0.01953125 0.046875
2 0.2609375 0.30859375 0.015625 0.04921875
2 0.5578125 0.40703125 0.05078125 0.05390625
2 0.50546875 0.46640625 0.05 0.06015625
1 0.7484375 0.38125 0.01796875 0.01015625
2 0.775 0.11328125 0.03046875 0.03984375
2 0.80546875 0.1609375 0.028125 0.05
2 0.83515625 0.2125 0.0296875 0.0484375
0 0.334375 0.0515625 0.0171875 0.01015625
0 0.3625 0.05 0.025 0.01015625
0 0.346875 0.05 0.00625 0.00625
1 0.1078125 0.1421875 0.00625 0.00703125
1 0.384375 0.2921875 0.00546875 0.00625
0 0.04765625 0.5546875 0.0078125 0.05
0 0.04609375 0.47734375 0.00546875 0.0078125
1 0.125 0.5140625 0.0140625 0.00546875
1 0.22421875 0.52109375 0.0125 0.00625
1 0.30703125 0.5234375 0.0125 0.00546875
1 0.3578125 0.5265625 0.0140625 0.00625
1 0.48984375 0.52578125 0.0125 0.00546875
1 0.59609375 0.5328125 0.00546875 0.003125
1 0.2453125 0.52109375 0.00625 0.0046875
2 0.72890625 0.653125 0.12421875 0.01640625
0 0.9421875 0.50234375 0.00703125 0.01171875
0 0.940625 0.52109375 0.01015625 0.0234375
2 0.42578125 0.52578125 0.1140625 0.00546875
2 0.54765625 0.528125 0.08984375 0.00859375
2 0.61953125 0.5359375 0.03515625 0.009375
2 0.6625 0.54296875 0.040625 0.01484375
2 0.7046875 0.5609375 0.0375 0.0265625
1 0.36953125 0.6625 0.015625 0.01171875
1 0.5390625 0.67890625 0.00546875 0.00625
2 0.259375 0.76484375 0.05390625 0.015625
2 0.3421875 0.79375 0.03515625 0.0125
2 0.30546875 0.78046875 0.03671875 0.0140625
1 0.3875 0.8734375 0.00546875 0.00625
1 0.41953125 0.928125 0.00625 0.00625
1 0.9359375 0.88203125 0.00625 0.02109375
1 0.93671875 0.9 0.0046875 0.01328125
2 0.275 0.521875 0.0484375 0.00625
2 0.19921875 0.51953125 0.034375 0.0046875
2 0.10234375 0.51171875 0.02890625 0.00546875
1 0.05859375 0.50546875 0.0046875 0.00390625
2 0.14609375 0.51640625 0.02734375 0.003125
1 0.1625 0.51796875 0.003125 0.003125
1 0.34375 0.525 0.00703125 0.0046875