1 0.81015625 0.146875 0.00625 0.0078125
1 0.490625 0.22578125 0.0078125 0.00859375
1 0.72890625 0.34921875 0.00625 0.00703125
1 0.6703125 0.56171875 0.00546875 0.00625
1 0.54453125 0.62265625 0.00625 0.00546875
1 0.3109375 0.46640625 0.00703125 0.009375
1 0.2015625 0.78046875 0.00625 0.00703125
0 0.340625 0.9484375 0.01171875 0.00703125
0 0.3578125 0.9484375 0.0203125 0.00859375
0 0.375 0.95 0.01328125 0.0046875
0 0.5796875 0.95 0.00703125 0.00625
0 0.95390625 0.5734375 0.0109375 0.01875
0 0.09609375 0.0421875 0.01484375 0.00859375
2 0.95 0.63203125 0.01640625 0.0046875
2 0.946875 0.65546875 0.0234375 0.00546875
2 0.95078125 0.72578125 0.01171875 0.003125
2 0.953125 0.7546875 0.00703125 0.00234375
2 0.9515625 0.79296875 0.00703125 0.003125
2 0.94609375 0.859375 0.0140625 0.003125
2 0.94296875 0.90546875 0.01640625 0.00390625
2 0.7953125 0.93046875 0.1375 0.0171875