0 0.3640625 0.03515625 0.0265625 0.01953125
1 0.1609375 0.16484375 0.0046875 0.0046875
0 0.04453125 0.19375 0.00390625 0.01171875
0 0.0453125 0.20859375 0.0078125 0.01796875
0 0.03828125 0.76640625 0.0078125 0.03515625
1 0.16640625 0.61953125 0.00546875 0.009375
1 0.39453125 0.403125 0.009375 0.0078125
1 0.64296875 0.509375 0.00546875 0.00859375
1 0.70546875 0.10078125 0.015625 0.01953125
0 0.96953125 0.1203125 0.00859375 0.015625
0 0.9671875 0.13984375 0.00859375 0.0203125
0 0.96640625 0.06328125 0.009375 0.0234375
0 0.94140625 0.86953125 0.00859375 0.01953125
0 0.94375 0.85390625 0.00625 0.01015625
0 0.93359375 0.97421875 0.009375 0.00859375
2 0.9109375 0.68515625 0.0921875 0.01328125
2 0.7953125 0.7203125 0.053125 0.03359375
1 0.71953125 0.7375 0.00703125 0.0078125
1 0.31640625 0.7671875 0.00625 0.00625
1 0.46796875 0.69453125 0.00859375 0.00859375
1 0.57578125 0.28046875 0.0046875 0.00390625
1 0.81484375 0.3078125 0.0078125 0.0046875