1 0.24921875 0.15 0.0171875 0.01640625
1 0.478125 0.15546875 0.009375 0.01015625
0 0.7875 0.03828125 0.01484375 0.0109375
0 0.76328125 0.0359375 0.03046875 0.0078125
1 0.28828125 0.428125 0.00703125 0.009375
1 0.60703125 0.740625 0.0078125 0.0046875
1 0.2765625 0.3046875 0.00625 0.00546875
0 0.790625 0.9671875 0.0375 0.0109375
0 0.11953125 0.9703125 0.03046875 0.00703125
0 0.03125 0.2296875 0.00625 0.034375
0 0.978125 0.30625 0.00859375 0.03203125
0 0.9734375 0.6359375 0.00625 0.0125
2 0.96875 0.34140625 0.021875 0.00703125
2 0.89375 0.365625 0.10390625 0.0484375
2 0.775 0.42265625 0.128125 0.06328125
2 0.634375 0.47890625 0.15078125 0.05390625
2 0.46796875 0.521875 0.1703125 0.03515625
1 0.95234375 0.34296875 0.00859375 0.00546875
1 0.7734375 0.2515625 0.00625 0.0078125