0 0.0234375 0.1125 0.01484375 0.0390625
1 0.14765625 0.20234375 0.028125 0.02265625
1 0.2546875 0.4953125 0.015625 0.0125
0 0.0296875 0.54765625 0.01796875 0.03671875
0 0.05390625 0.96640625 0.0328125 0.0140625
0 0.97265625 0.82890625 0.009375 0.00859375
0 0.97265625 0.83828125 0.00703125 0.00859375
0 0.96953125 0.85 0.01171875 0.01328125
1 0.86640625 0.61796875 0.01875 0.01640625
1 0.796875 0.4140625 0.00390625 0.0046875
0 0.98046875 0.23984375 0.01484375 0.03359375
0 0.83125 0.03046875 0.0234375 0.01328125
1 0.54921875 0.7640625 0.0140625 0.015625
1 0.37578125 0.7953125 0.0078125 0.00625
1 0.51015625 0.49296875 0.01640625 0.0140625
1 0.384375 0.2890625 0.00546875 0.00546875
1 0.5078125 0.1 0.01015625 0.01484375
1 0.715625 0.309375 0.0125 0.0078125
1 0.18515625 0.7375 0.0234375 0.015625