2 0.35859375 0.67578125 0.0890625 0.16640625
2 0.4515625 0.53125 0.09453125 0.12109375
2 0.5484375 0.43203125 0.09609375 0.07578125
2 0.63671875 0.38046875 0.0703125 0.03046875
2 0.90546875 0.2875 0.109375 0.009375
2 0.78828125 0.31796875 0.1140625 0.05234375
0 0.1359375 0.94765625 0.0296875 0.00703125
0 0.05859375 0.9390625 0.00546875 0.01640625
0 0.05703125 0.81171875 0.0078125 0.00859375
0 0.96328125 0.0546875 0.00625 0.00703125
0 0.96015625 0.3890625 0.003125 0.00625
0 0.96328125 0.24296875 0.00390625 0.00703125
0 0.965625 0.078125 0.00234375 0.0078125
0 0.94921875 0.66875 0.0109375 0.01875
0 0.93125 0.959375 0.01796875 0.00546875