0 0.053125 0.05078125 0.015625 0.03203125
0 0.471875 0.04140625 0.03828125 0.01796875
1 0.2828125 0.190625 0.01640625 0.0234375
1 0.52109375 0.2640625 0.01328125 0.0171875
1 0.80234375 0.165625 0.0234375 0.028125
0 0.890625 0.0484375 0.0390625 0.01484375
0 0.9515625 0.8109375 0.0140625 0.02109375
0 0.75625 0.9515625 0.03359375 0.015625
1 0.3984375 0.85078125 0.0171875 0.0171875
0 0.18046875 0.9515625 0.03515625 0.0125
2 0.08671875 0.80859375 0.01953125 0.01328125
2 0.51015625 0.7 0.078125 0.0234375
2 0.59765625 0.7234375 0.09375 0.0265625
1 0.69375 0.70625 0.00859375 0.0140625
1 0.5203125 0.5109375 0.01484375 0.0171875
1 0.71640625 0.3921875 0.00703125 0.00625
1 0.25546875 0.546875 0.01640625 0.01640625
1 0.2234375 0.378125 0.00859375 0.01015625
1 0.89140625 0.5109375 0.01640625 0.0109375