2 0.860017209375 0.1810994609375 0.8613029328125 0.19479303125 0.9461598484374999 0.1715554640625 0.9384455718750001 0.1578618953125 0.860017209375 0.1810994609375
2 0.5042120015625 0.6125615703125 0.48871612343750004 0.6114079703125 0.4541483984375 0.837513559375 0.469644275 0.8444351593749999 0.5042120015625 0.6125615703125
0 0.046875 0.353125 0.0140625 0.01953125
0 0.05234375 0.0609375 0.01953125 0.02109375
0 0.05234375 0.728125 0.009375 0.02109375
0 0.67265625 0.953125 0.0671875 0.009375
0 0.8921875 0.059375 0.03125 0.01015625
0 0.97265625 0.1984375 0.009375 0.01015625
2 0.1390625 0.7234375 0.0828125 0.01953125
2 0.1859907625 0.7196024765625 0.3813918859375 0.6411648328124999 0.3775378125 0.627837459375 0.184695484375 0.7044685125 0.1859907625 0.7196024765625
2 0.397312628125 0.6329996984374999 0.48092635 0.5911003375 0.4699146609375 0.5724420140625 0.3900799578125 0.61882131875 0.397312628125 0.6329996984374999
2 0.5392883359375 0.5058051484375 0.4792746640625 0.565511784375 0.48679745781249995 0.5777071546875 0.5453447984375 0.5255296640625 0.60425731875 0.45622732343749994 0.5860880140625 0.445565425 0.5392883359375 0.5058051484375
2 0.6051057875 0.44961358437500004 0.6595375375 0.36362568125 0.6423368843749999 0.3553023453125 0.592992946875 0.4416171609375 0.6051057875 0.44961358437500004
2 0.66085148125 0.3295469140625 0.6723364515625 0.334053025 0.705312140625 0.2694274609375 0.6931993000000001 0.26303031718750003 0.66085148125 0.3295469140625
2 0.7895726062499999 0.0819683984375 0.7015610484375 0.24861659375 0.7168954750000001 0.2589558890625 0.8193042171875 0.0915640828125 0.7895726062499999 0.0819683984375
2 0.23923078593749997 0.1544005359375 0.223442528125 0.15702895 0.2484716234375 0.279662515625 0.26318847343749996 0.2780056109375 0.23923078593749997 0.1544005359375
1 0.66015625 0.34453125 0.0171875 0.01796875
1 0.778125 0.69296875 0.01171875 0.01015625