0 0.04453125 0.14921875 0.01015625 0.02109375
0 0.04375 0.17109375 0.00546875 0.021875
0 0.046875 0.03828125 0.00859375 0.00859375
1 0.45234375 0.140625 0.01640625 0.02109375
2 0.82734375 0.23515625 0.0078125 0.1296875
0 0.95859375 0.23984375 0.00859375 0.04453125
1 0.68203125 0.24140625 0.00703125 0.0078125
1 0.53125 0.31875 0.01015625 0.01015625
1 0.8328125 0.38671875 0.0078125 0.009375
1 0.7921875 0.5828125 0.01171875 0.01796875
2 0.76640625 0.70703125 0.034375 0.046875
2 0.72734375 0.7546875 0.04296875 0.04921875
1 0.4375 0.7296875 0.00546875 0.0046875
1 0.203125 0.7125 0.0078125 0.00625
0 0.06484375 0.884375 0.0125 0.03671875
1 0.31953125 0.9046875 0.0171875 0.01953125
1 0.6109375 0.60546875 0.0109375 0.00859375
1 0.51328125 0.51953125 0.0171875 0.021875
1 0.36328125 0.50859375 0.00703125 0.01015625
2 0.06171875 0.33984375 0.040625 0.01015625
2 0.10859375 0.3390625 0.0421875 0.01171875
2 0.2046875 0.2984375 0.05078125 0.03359375
1 0.27734375 0.28125 0.00703125 0.00859375
2 0.075 0.55078125 0.06171875 0.0125
2 0.14453125 0.55390625 0.075 0.01484375
1 0.8390625 0.82421875 0.00546875 0.00625
0 0.94921875 0.7796875 0.0078125 0.0390625
0 0.64921875 0.95234375 0.02578125 0.01953125