0 0.30546875 0.0359375 0.04765625 0.00859375
0 0.0453125 0.04375 0.03515625 0.01015625
0 0.03046875 0.128125 0.00625 0.0171875
0 0.97421875 0.03359375 0.01328125 0.0125
0 0.97890625 0.10546875 0.00859375 0.02421875
0 0.978125 0.91875 0.00703125 0.02109375
0 0.77109375 0.9546875 0.04453125 0.01015625
1 0.48359375 0.21640625 0.01640625 0.0296875
1 0.3296875 0.27890625 0.009375 0.009375
1 0.77265625 0.29375 0.00625 0.00625
1 0.50859375 0.50625 0.00625 0.009375
1 0.78203125 0.49375 0.01953125 0.021875
1 0.1515625 0.696875 0.00703125 0.00546875
1 0.2 0.89453125 0.0046875 0.00546875
1 0.409375 0.77421875 0.00625 0.0078125
1 0.77265625 0.740625 0.00546875 0.00703125
2 0.9296875 0.175 0.1125 0.0140625
2 0.81328125 0.1609375 0.11328125 0.02578125
0 0.946875 0.03125 0.03671875 0.00859375
2 0.53984375 0.0671875 0.01015625 0.0796875
0 0.0703125 0.0421875 0.0140625 0.00703125
1 0.13515625 0.515625 0.00546875 0.00546875