0 0.05390625 0.115625 0.01171875 0.02890625
1 0.2 0.20625 0.015625 0.015625
0 0.37265625 0.0625 0.03984375 0.0140625
0 0.38125 0.27734375 0.0265625 0.20390625
1 0.5671875 0.259375 0.0171875 0.0140625
2 0.79453125 0.3390625 0.1609375 0.0203125
0 0.77421875 0.06796875 0.0171875 0.00859375
1 0.7734375 0.52890625 0.01328125 0.0140625
1 0.55625 0.55625 0.01640625 0.021875
2 0.37265625 0.5921875 0.1109375 0.08125
1 0.33203125 0.47578125 0.0171875 0.01484375
1 0.32109375 0.725 0.0109375 0.009375
1 0.45859375 0.89921875 0.01875 0.02421875
1 0.728125 0.85625 0.0171875 0.0140625
2 0.8390625 0.8625 0.10546875 0.015625
0 0.94921875 0.86640625 0.009375 0.02734375
2 0.1171875 0.8546875 0.028125 0.07734375
2 0.09765625 0.921875 0.028125 0.05546875
0 0.05078125 0.3703125 0.0109375 0.03125
0 0.9515625 0.81875 0.00859375 0.00859375