0 0.2390625 0.046875 0.03359375 0.009375
0 0.41796875 0.04375 0.03203125 0.00625
0 0.71953125 0.04921875 0.04921875 0.009375
0 0.78828125 0.0484375 0.0171875 0.00703125
0 0.9640625 0.53828125 0.0203125 0.06171875
0 0.6640625 0.953125 0.0390625 0.0109375
0 0.309375 0.95390625 0.028125 0.0109375
0 0.0546875 0.9484375 0.0125 0.0109375
0 0.040625 0.6171875 0.01171875 0.0359375
1 0.1078125 0.30546875 0.0125 0.015625
1 0.409375 0.33515625 0.009375 0.009375
1 0.325 0.45859375 0.01484375 0.0125
1 0.4890625 0.603125 0.00859375 0.009375
1 0.653125 0.6359375 0.0203125 0.01328125
1 0.6984375 0.459375 0.01484375 0.0125
1 0.79921875 0.26171875 0.01796875 0.0171875
1 0.53046875 0.21953125 0.0125 0.01953125
1 0.34609375 0.82265625 0.0140625 0.01015625
2 0.49041123593749997 0.8182208125000001 0.5013865562500001 0.8283317515625 0.51072900625 0.7845240953125 0.529805146875 0.7368212203125 0.5410417609375 0.7070069265625001 0.558174834375 0.6528295749999999 0.5440561265625 0.645738734375 0.5298701 0.7012969234375 0.5055026687499999 0.7601541468749999 0.49041123593749997 0.8182208125000001
2 0.7745743765624999 0.318902484375 0.7560108125 0.2539745203125 0.7405936375 0.1787454734375 0.7284012734374999 0.18055905 0.747830265625 0.27707388593750004 0.7635386375000001 0.324211575 0.7745743765624999 0.318902484375
2 0.1421875 0.57890625 0.0125 0.1421875
2 0.8214901578125 0.9153322749999999 0.8683616125 0.8489333984374999 0.88886786875 0.7997490515625 0.8824226453125 0.7957170703124999 0.8564183999999999 0.848486275 0.8140538328125 0.9095195828125 0.8214901578125 0.9153322749999999
1 0.2546875 0.18046875 0.00625 0.0078125