0 0.50859375 0.02890625 0.01484375 0.00859375
0 0.52890625 0.03046875 0.0234375 0.01171875
0 0.909375 0.03671875 0.0234375 0.0078125
0 0.93046875 0.0359375 0.0171875 0.0046875
2 0.6609375 0.22265625 0.11640625 0.04921875
2 0.55703125 0.325 0.05078125 0.12109375
0 0.54765625 0.978125 0.05 0.0078125
0 0.46953125 0.978125 0.0078125 0.00546875
2 0.51875 0.7484375 0.01875 0.1
1 0.884375 0.63046875 0.00625 0.00625
1 0.5453125 0.790625 0.00546875 0.00546875
0 0.04140625 0.64140625 0.009375 0.02265625
0 0.0421875 0.66640625 0.01015625 0.0234375
0 0.725 0.97890625 0.01484375 0.0046875
0 0.9609375 0.9703125 0.009375 0.01328125
1 0.284375 0.625 0.00546875 0.00703125
1 0.684375 0.46640625 0.00546875 0.00703125
2 0.52265625 0.62421875 0.01484375 0.10078125
2 0.528125 0.47421875 0.015625 0.16640625
1 0.50859375 0.89453125 0.00625 0.0078125
1 0.50234375 0.94140625 0.00546875 0.0109375
1 0.5125 0.8484375 0.00546875 0.0171875
1 0.5203125 0.68359375 0.003125 0.00546875
1 0.5 0.95390625 0.003125 0.00390625