0 0.62421875 0.025 0.01015625 0.00625
0 0.8671875 0.03203125 0.01875 0.01171875
0 0.9765625 0.3546875 0.01328125 0.01796875
0 0.9765625 0.37265625 0.0125 0.01640625
1 0.82734375 0.76640625 0.00703125 0.00625
0 0.478125 0.9734375 0.02578125 0.0109375
0 0.5015625 0.9765625 0.01953125 0.00625
0 0.05078125 0.9734375 0.02734375 0.00546875
0 0.14921875 0.028125 0.01015625 0.00234375
1 0.2203125 0.140625 0.00546875 0.00546875
1 0.24296875 0.39453125 0.00546875 0.00390625
1 0.18046875 0.4015625 0.00234375 0.003125
2 0.5921875 0.84140625 0.01796875 0.128125
2 0.590625 0.70234375 0.01171875 0.13671875
2 0.58203125 0.5703125 0.01953125 0.12265625
2 0.55625 0.4671875 0.03984375 0.07734375
2 0.5203125 0.38125 0.0171875 0.0671875
2 0.50625 0.28046875 0.0125 0.0609375
0 0.403125 0.025 0.0078125 0.00390625