0 0.02734375 0.0328125 0.009375 0.0125
0 0.025 0.26796875 0.003125 0.0109375
0 0.02578125 0.28046875 0.00390625 0.00546875
0 0.02578125 0.2859375 0.00390625 0.0046875
0 0.02734375 0.29609375 0.00546875 0.015625
0 0.02734375 0.3078125 0.00625 0.00703125
0 0.02578125 0.3140625 0.00390625 0.00546875
0 0.02890625 0.48515625 0.00390625 0.00859375
0 0.03359375 0.6625 0.00234375 0.01015625
0 0.05546875 0.9765625 0.01640625 0.0140625
0 0.0765625 0.98125 0.00390625 0.00390625
0 0.4296875 0.98046875 0.0078125 0.00703125
0 0.52421875 0.9796875 0.00625 0.0046875
0 0.5375 0.98046875 0.00546875 0.003125
0 0.54609375 0.97890625 0.00625 0.0046875
0 0.65234375 0.978125 0.00859375 0.003125
0 0.665625 0.9734375 0.01015625 0.009375
0 0.675 0.975 0.0078125 0.0046875
0 0.684375 0.97421875 0.01015625 0.00703125
0 0.971875 0.9609375 0.00546875 0.01171875
0 0.978125 0.725 0.00546875 0.00625
0 0.97734375 0.73515625 0.00546875 0.01328125
0 0.496875 0.01875 0.0125 0.00546875
0 0.51328125 0.01875 0.01875 0.00703125
1 0.2296875 0.25 0.02421875 0.0234375
1 0.2078125 0.5609375 0.0046875 0.00546875
1 0.8328125 0.55546875 0.0109375 0.01328125
1 0.75234375 0.2671875 0.0125 0.00859375
1 0.4578125 0.4609375 0.0140625 0.01328125
1 0.66015625 0.74609375 0.009375 0.00703125
1 0.4015625 0.840625 0.00625 0.00703125
1 0.1734375 0.8703125 0.02265625 0.021875
1 0.86328125 0.8328125 0.0046875 0.0046875