0 0.0578125 0.9640625 0.01171875 0.01640625
0 0.0453125 0.0671875 0.0109375 0.01953125
0 0.59765625 0.053125 0.040625 0.0125
0 0.94296875 0.0546875 0.03203125 0.0125
0 0.95703125 0.90078125 0.00703125 0.03125
1 0.16171875 0.8546875 0.02109375 0.01875
1 0.278125 0.7453125 0.0125 0.00859375
1 0.475 0.53203125 0.01171875 0.0125
1 0.70703125 0.4453125 0.009375 0.01015625
1 0.7984375 0.57578125 0.0171875 0.021875
0 0.9625 0.5296875 0.0078125 0.02578125
1 0.71875 0.22734375 0.01328125 0.01796875
1 0.84921875 0.31171875 0.00625 0.00703125
1 0.46875 0.2296875 0.00859375 0.00859375
1 0.2609375 0.29140625 0.0171875 0.02421875
1 0.2046875 0.39765625 0.00625 0.00859375
1 0.55390625 0.765625 0.00859375 0.00859375
1 0.22109375 0.64296875 0.0109375 0.01171875
2 0.2 0.1625 0.196875 0.01328125
1 0.84140625 0.1703125 0.0046875 0.0046875