0 0.046875 0.196875 0.009375 0.01484375
0 0.04453125 0.2140625 0.00625 0.01640625
1 0.1515625 0.26875 0.01328125 0.00859375
0 0.0421875 0.56484375 0.009375 0.01796875
0 0.04140625 0.58125 0.0078125 0.0125
0 0.0453125 0.59921875 0.01484375 0.02109375
1 0.19296875 0.5734375 0.0078125 0.00859375
1 0.1015625 0.89296875 0.0140625 0.01796875
0 0.10390625 0.97265625 0.015625 0.00625
0 0.1234375 0.9703125 0.0203125 0.0109375
0 0.05546875 0.97109375 0.02734375 0.009375
0 0.60859375 0.96953125 0.0109375 0.00390625
0 0.715625 0.96640625 0.0140625 0.0046875
1 0.61171875 0.89921875 0.00625 0.00859375
2 0.9390625 0.428125 0.04140625 0.01015625
2 0.88046875 0.45390625 0.02265625 0.02109375
2 0.85625 0.48203125 0.025 0.03359375
2 0.81171875 0.55859375 0.02734375 0.06328125
1 0.55390625 0.68984375 0.01796875 0.01796875
1 0.47890625 0.515625 0.015625 0.01171875
1 0.46328125 0.31640625 0.01953125 0.0140625
1 0.8515625 0.19765625 0.01640625 0.01796875
0 0.9453125 0.078125 0.00625 0.0078125
0 0.3640625 0.06484375 0.03046875 0.009375
0 0.38828125 0.06328125 0.01640625 0.00625
1 0.3578125 0.86484375 0.00859375 0.0078125