0 0.03515625 0.20625 0.00625 0.01953125
0 0.0359375 0.22890625 0.00703125 0.02265625
1 0.11953125 0.2640625 0.0171875 0.0140625
1 0.29140625 0.33515625 0.00546875 0.00546875
1 0.1859375 0.54140625 0.00546875 0.00546875
1 0.403125 0.57265625 0.00625 0.00625
1 0.6109375 0.746875 0.0078125 0.00703125
2 0.92421875 0.6390625 0.07734375 0.015625
2 0.84609375 0.65234375 0.06796875 0.01328125
2 0.7890625 0.61953125 0.034375 0.05546875
2 0.75859375 0.55859375 0.02421875 0.06015625
2 0.73984375 0.46484375 0.0140625 0.1171875
2 0.74765625 0.35 0.01328125 0.09921875
2 0.71640625 0.26015625 0.0375 0.03125
2 0.609375 0.24765625 0.09765625 0.0171875
1 0.8484375 0.8421875 0.00703125 0.01015625
0 0.88359375 0.95703125 0.021875 0.0078125
0 0.94609375 0.95625 0.00703125 0.00234375
0 0.709375 0.96796875 0.0109375 0.00390625
0 0.47421875 0.97265625 0.0140625 0.01171875
1 0.26953125 0.77109375 0.01328125 0.01875
0 0.04296875 0.41640625 0.0125 0.02734375
1 0.32109375 0.1390625 0.021875 0.02109375
1 0.1859375 0.08359375 0.00546875 0.00546875
0 0.03203125 0.0359375 0.00390625 0.00546875
1 0.83828125 0.1359375 0.0125 0.0140625
0 0.95703125 0.1390625 0.009375 0.01484375
0 0.9578125 0.15546875 0.00703125 0.01484375
0 0.9546875 0.02578125 0.00859375 0.021875
0 0.05625 0.03515625 0.009375 0.0046875