2 0.196875 0.2734375 0.07734375 0.15703125
2 0.603125 0.525 0.12265625 0.10859375
2 0.4609375 0.834375 0.1390625 0.02265625
1 0.7578125 0.82421875 0.0078125 0.00703125
1 0.2078125 0.83515625 0.01328125 0.0109375
1 0.31171875 0.7671875 0.0078125 0.0078125
1 0.51328125 0.66171875 0.01875 0.0125
1 0.37109375 0.60390625 0.0140625 0.015625
1 0.7609375 0.4125 0.0109375 0.0109375
1 0.4875 0.34765625 0.00625 0.01015625
1 0.28984375 0.259375 0.0078125 0.00859375
1 0.459375 0.2203125 0.0125 0.0140625
1 0.61171875 0.2359375 0.00703125 0.00859375
2 0.75 0.13125 0.05 0.184375
2 0.8453125 0.146875 0.08203125 0.009375
0 0.5453125 0.03828125 0.04609375 0.01015625
0 0.503125 0.03515625 0.0078125 0.0046875
0 0.94453125 0.2703125 0.00703125 0.01953125
0 0.94453125 0.35859375 0.00546875 0.0140625
0 0.9296875 0.8953125 0.00546875 0.02421875
0 0.31796875 0.9515625 0.0125 0.01015625
1 0.13203125 0.53828125 0.009375 0.009375
0 0.06015625 0.1828125 0.00703125 0.04296875
0 0.059375 0.10546875 0.00546875 0.00546875