1 0.3609375 0.13359375 0.01328125 0.0234375
1 0.1859375 0.14296875 0.00859375 0.0078125
1 0.34921875 0.3078125 0.00546875 0.00546875
1 0.1859375 0.4859375 0.00546875 0.00625
1 0.16484375 0.6765625 0.01640625 0.01328125
1 0.328125 0.8046875 0.009375 0.01015625
0 0.51640625 0.97578125 0.0078125 0.00625
0 0.55078125 0.97265625 0.04609375 0.009375
1 0.603125 0.87734375 0.00703125 0.00625
0 0.96796875 0.925 0.00546875 0.01796875
0 0.91875 0.9609375 0.05 0.00625
0 0.97421875 0.3765625 0.009375 0.03984375
1 0.8359375 0.3828125 0.003125 0.0046875
1 0.8 0.2015625 0.02109375 0.01640625
0 0.88671875 0.0234375 0.0234375 0.00625
0 0.46875 0.021875 0.03828125 0.00625
1 0.5203125 0.071875 0.00234375 0.00390625
0 0.028125 0.3703125 0.009375 0.0265625
1 0.75625 0.66171875 0.00546875 0.00546875
1 0.68515625 0.47109375 0.00390625 0.0046875
1 0.4671875 0.56875 0.00546875 0.00625
1 0.54453125 0.24140625 0.00703125 0.00859375
1 0.74921875 0.1203125 0.00546875 0.00625