1 0.2140625 0.2515625 0.00546875 0.0046875
1 0.60546875 0.22890625 0.009375 0.01015625
1 0.4515625 0.6203125 0.0046875 0.0046875
1 0.240625 0.72109375 0.00703125 0.00625
1 0.40859375 0.86015625 0.00859375 0.0078125
1 0.67734375 0.77890625 0.00546875 0.00546875
2 0.93984375 0.3859375 0.04140625 0.0078125
2 0.54140625 0.8125 0.028125 0.00625
2 0.2859375 0.2890625 0.0234375 0.0359375
2 0.3640625 0.41328125 0.021875 0.0171875
2 0.48828125 0.50703125 0.028125 0.01875
2 0.8203125 0.65703125 0.021875 0.01328125
2 0.615625 0.5734375 0.02734375 0.01328125
2 0.75625 0.6265625 0.0234375 0.01328125
2 0.31171875 0.340625 0.01875 0.0359375
2 0.3375 0.38125 0.0296875 0.0421875
2 0.38671875 0.43203125 0.02109375 0.021875
2 0.41015625 0.45390625 0.021875 0.02109375
2 0.4328125 0.47421875 0.0234375 0.015625
2 0.45859375 0.4875 0.02265625 0.0125
2 0.51875 0.52265625 0.02421875 0.0140625
2 0.55 0.53828125 0.0171875 0.01015625
2 0.58125 0.55859375 0.02890625 0.015625
1 0.5359375 0.53125 0.00625 0.00390625
2 0.64296875 0.58359375 0.02578125 0.0125
2 0.67109375 0.59453125 0.02265625 0.009375
2 0.703125 0.60546875 0.03046875 0.0125
2 0.78515625 0.6375 0.02734375 0.01484375
2 0.7171875 0.66171875 0.04453125 0.00546875
2 0.85703125 0.6796875 0.0234375 0.0125
1 0.80390625 0.64921875 0.00625 0.00859375
2 0.89375 0.38203125 0.04296875 0.01015625
2 0.85546875 0.3640625 0.03046875 0.0234375
2 0.83046875 0.33203125 0.01796875 0.03671875
2 0.81796875 0.29375 0.00703125 0.0375
0 0.04921875 0.65625 0.009375 0.0125
0 0.0546875 0.86875 0.00703125 0.025
0 0.05546875 0.89375 0.00625 0.0140625
0 0.053125 0.8484375 0.0046875 0.00859375
0 0.95703125 0.703125 0.00546875 0.00703125
2 0.88125 0.69296875 0.00703125 0.00390625