1 0.60234375 0.21875 0.00859375 0.0109375
1 0.73828125 0.378125 0.01015625 0.009375
1 0.390625 0.24140625 0.00625 0.00703125
1 0.20234375 0.23671875 0.00703125 0.0078125
1 0.21875 0.71484375 0.009375 0.0125
1 0.3890625 0.86328125 0.009375 0.009375
1 0.4390625 0.61484375 0.00625 0.00703125
2 0.58046875 0.5546875 0.02734375 0.01875
2 0.41484375 0.45859375 0.03359375 0.028125
2 0.31328125 0.3484375 0.01328125 0.01953125
2 0.9140625 0.37109375 0.12109375 0.03046875
2 0.83671875 0.31328125 0.03203125 0.08046875
2 0.63359375 0.578125 0.04140625 0.01953125
2 0.7703125 0.63359375 0.05703125 0.0234375
2 0.3296875 0.375 0.01640625 0.0234375
2 0.38046875 0.42890625 0.03203125 0.0328125
2 0.44765625 0.47890625 0.02109375 0.0125
2 0.68984375 0.6015625 0.06796875 0.0234375
1 0.80625 0.65234375 0.00703125 0.009375
1 0.8875 0.69921875 0.00703125 0.00546875
0 0.96796875 0.71015625 0.0078125 0.00859375
0 0.0234375 0.86484375 0.00703125 0.028125
1 0.67109375 0.78515625 0.00546875 0.00625