2 0.6421875 0.07109375 0.0140625 0.08984375
2 0.60546875 0.20390625 0.09921875 0.084375
2 0.4578125 0.25546875 0.190625 0.01875
2 0.309375 0.27421875 0.09140625 0.04921875
2 0.2625 0.37265625 0.0125 0.146875
1 0.74140625 0.39453125 0.00859375 0.00859375
1 0.57109375 0.60703125 0.00625 0.00703125
1 0.3484375 0.7171875 0.00546875 0.00546875
1 0.54140625 0.8265625 0.00703125 0.00625
1 0.75390625 0.746875 0.00625 0.00703125
0 0.96015625 0.53828125 0.01171875 0.01484375
1 0.8390625 0.14453125 0.01015625 0.00859375
1 0.1578125 0.1625 0.0140625 0.01484375
0 0.05234375 0.04296875 0.0203125 0.01015625
2 0.65234375 0.13828125 0.00859375 0.04375
0 0.96171875 0.29296875 0.003125 0.0125
0 0.96328125 0.378125 0.003125 0.00859375
0 0.17890625 0.03359375 0.0140625 0.00546875