0 0.89140625 0.034375 0.03125 0.00859375
0 0.97265625 0.04140625 0.0078125 0.02265625
0 0.97265625 0.18125 0.01015625 0.01015625
2 0.13671875 0.73125 0.16484375 0.03515625
2 0.25625 0.6953125 0.06328125 0.0328125
2 0.40234375 0.62890625 0.10859375 0.059375
2 0.49453125 0.56328125 0.07109375 0.0671875
2 0.55546875 0.49453125 0.0546875 0.06796875
2 0.6078125 0.42421875 0.04921875 0.071875
2 0.65625 0.33828125 0.04765625 0.0984375
2 0.7046875 0.240625 0.046875 0.090625
0 0.0515625 0.03828125 0.01875 0.00625