0 0.05390625 0.0609375 0.0171875 0.0171875
0 0.34765625 0.0515625 0.01171875 0.00859375
0 0.75234375 0.95546875 0.034375 0.01171875
0 0.04921875 0.56953125 0.00859375 0.02109375
0 0.6515625 0.0703125 0.07109375 0.04609375
2 0.13046875 0.84296875 0.01484375 0.03203125
2 0.1265625 0.81953125 0.03125 0.00859375
2 0.15859375 0.81640625 0.015625 0.02890625
2 0.18203125 0.94296875 0.01171875 0.0171875
2 0.21484375 0.1609375 0.0234375 0.21875
0 0.06171875 0.9453125 0.01015625 0.01015625
2 0.18203125 0.8609375 0.025 0.05078125
1 0.8890625 0.19375 0.00546875 0.00546875