1 0.84140625 0.159375 0.02578125 0.02578125
1 0.36484375 0.275 0.01328125 0.0109375
1 0.61953125 0.184375 0.009375 0.01015625
1 0.7984375 0.4640625 0.009375 0.009375
1 0.55859375 0.55703125 0.015625 0.0171875
1 0.196875 0.46171875 0.0140625 0.01953125
1 0.36015625 0.4984375 0.01015625 0.0109375
1 0.278125 0.73984375 0.0140625 0.0125
1 0.7703125 0.75703125 0.0234375 0.0296875
1 0.48359375 0.82265625 0.009375 0.0109375
0 0.053125 0.05 0.00703125 0.0140625
0 0.35625 0.04375 0.0484375 0.0125
0 0.48984375 0.03984375 0.03046875 0.00703125
0 0.9578125 0.05625 0.01796875 0.0171875
0 0.95859375 0.72109375 0.01171875 0.04921875
0 0.95 0.953125 0.0109375 0.01328125
0 0.509375 0.96796875 0.0328125 0.0078125
0 0.05078125 0.284375 0.00859375 0.02421875
2 0.1173605171875 0.12038660937500001 0.107928615625 0.1207444375 0.1051339984375 0.22844596250000002 0.114915196875 0.22844596250000002 0.1173605171875 0.12038660937500001
2 0.8617460015624999 0.22750169687500002 0.8460101999999999 0.22519915 0.8278409203124999 0.37083822187500004 0.8409522609375 0.374865575 0.8617460015624999 0.22750169687500002
2 0.6437663109375 0.6292091156249999 0.6482197281250001 0.6428875734374999 0.8402115265625 0.5983059296875 0.8342736359374999 0.5836142515625 0.6437663109375 0.6292091156249999
2 0.48125 0.2078125 0.0234375 0.18046875
2 0.3046119703125 0.5496178484375001 0.2911701984375 0.555398178125 0.34305012968750004 0.7083952265625 0.3534473484375 0.703877165625 0.3046119703125 0.5496178484375001