0 0.0640625 0.675 0.01640625 0.03671875
1 0.1765625 0.19375 0.01796875 0.02109375
1 0.28984375 0.43125 0.01015625 0.01015625
1 0.553125 0.5515625 0.021875 0.02421875
2 0.6875 0.65625 0.11328125 0.05
1 0.88671875 0.353125 0.01875 0.0171875
1 0.63984375 0.27890625 0.01796875 0.0265625
0 0.9578125 0.17421875 0.0078125 0.025
0 0.66015625 0.05078125 0.0421875 0.0078125
0 0.1578125 0.04765625 0.01484375 0.00546875
1 0.425 0.7796875 0.009375 0.015625
0 0.42890625 0.97421875 0.0140625 0.00703125
0 0.94453125 0.86171875 0.009375 0.02109375
1 0.48359375 0.19375 0.01015625 0.01015625
1 0.734375 0.45859375 0.01015625 0.00859375
1 0.18828125 0.7796875 0.0109375 0.0078125
1 0.78671875 0.1578125 0.00546875 0.00546875
1 0.6828125 0.86484375 0.0078125 0.009375