0 0.06171875 0.45078125 0.01171875 0.02109375
0 0.06328125 0.46796875 0.01171875 0.0125
0 0.0625 0.48515625 0.01015625 0.01953125
2 0.7125 0.87421875 0.00625 0.0359375
0 0.8546875 0.946875 0.0078125 0.01015625
0 0.8703125 0.94921875 0.0203125 0.00546875
0 0.94921875 0.490625 0.00625 0.01796875
0 0.946875 0.5109375 0.01015625 0.02109375
0 0.91875 0.025 0.0046875 0.0046875
0 0.9375 0.025 0.00625 0.00390625
0 0.79609375 0.02265625 0.02109375 0.0046875
0 0.82109375 0.02421875 0.028125 0.00625
0 0.75078125 0.02265625 0.00625 0.0046875
0 0.62421875 0.02265625 0.0109375 0.00703125
0 0.63984375 0.02421875 0.01796875 0.0109375
1 0.26171875 0.21328125 0.0046875 0.00625
1 0.7828125 0.484375 0.0078125 0.00546875
1 0.4359375 0.57890625 0.0078125 0.00703125
1 0.2328125 0.77578125 0.00703125 0.00625
0 0.70234375 0.953125 0.00625 0.01328125
0 0.95 0.4109375 0.00390625 0.0109375