0 0.05625 0.16953125 0.01171875 0.01875
0 0.04921875 0.31796875 0.00390625 0.0078125
0 0.05078125 0.7421875 0.01328125 0.0375
1 0.29453125 0.66796875 0.00703125 0.00703125
1 0.16015625 0.4984375 0.0078125 0.0078125
1 0.39296875 0.34453125 0.0078125 0.00703125
0 0.45625 0.0375 0.02734375 0.0109375
1 0.534375 0.13984375 0.009375 0.009375
1 0.65703125 0.5359375 0.0078125 0.00859375
1 0.66015625 0.7671875 0.00859375 0.00859375
2 0.51796875 0.84921875 0.05546875 0.1625
2 0.55703125 0.95234375 0.015625 0.0234375
1 0.54765625 0.9359375 0.0046875 0.00703125
1 0.8609375 0.16640625 0.00625 0.00703125
0 0.94765625 0.965625 0.0125 0.00859375