1 0.68828125 0.540625 0.009375 0.0140625
1 0.81328125 0.21484375 0.00859375 0.009375
1 0.496875 0.78125 0.009375 0.00859375
2 0.159375 0.046875 0.0890625 0.0171875
2 0.028125 0.12109375 0.0171875 0.0046875
2 0.03203125 0.07265625 0.0203125 0.00390625
2 0.025 0.26171875 0.0140625 0.003125
2 0.03125 0.33515625 0.02734375 0.0046875
2 0.0265625 0.359375 0.0171875 0.00390625
1 0.4484375 0.375 0.00859375 0.01015625
1 0.2546875 0.65 0.009375 0.0078125
2 0.2328125 0.03984375 0.0546875 0.00625
1 0.31640625 0.43515625 0.00390625 0.00546875
0 0.415625 0.028125 0.0078125 0.00703125