0 0.66171875 0.01640625 0.03984375 0.00625
0 0.57890625 0.0140625 0.0125 0.003125
0 0.240625 0.01640625 0.0109375 0.0046875
0 0.97265625 0.14140625 0.00859375 0.02421875
0 0.97109375 0.02421875 0.0078125 0.00546875
0 0.96328125 0.85546875 0.0078125 0.02109375
0 0.428125 0.97578125 0.01640625 0.0078125
1 0.4234375 0.77265625 0.00703125 0.01328125
1 0.17890625 0.77421875 0.00859375 0.00546875
0 0.04921875 0.66796875 0.015625 0.03515625
1 0.16171875 0.16953125 0.01640625 0.021875
1 0.2796875 0.4140625 0.009375 0.00859375
1 0.740625 0.4375 0.009375 0.00703125
1 0.8078125 0.6625 0.00546875 0.00625
1 0.4796875 0.16484375 0.00625 0.0078125
1 0.79375 0.12578125 0.003125 0.00546875
1 0.69140625 0.859375 0.00625 0.0078125