1 0.14609375 0.1828125 0.0140625 0.01640625
1 0.2234375 0.30078125 0.00859375 0.00859375
1 0.46015625 0.09609375 0.01015625 0.0109375
1 0.75 0.27265625 0.00859375 0.009375
1 0.66328125 0.4890625 0.009375 0.00859375
1 0.7765625 0.6203125 0.01171875 0.0078125
0 0.9734375 0.48828125 0.003125 0.00703125
0 0.9734375 0.5 0.00390625 0.00703125
0 0.9734375 0.5125 0.003125 0.0078125
0 0.971875 0.52421875 0.00625 0.01171875
0 0.971875 0.5375 0.0046875 0.0109375
0 0.96953125 0.55390625 0.009375 0.01875
0 0.971875 0.57734375 0.00390625 0.01171875
0 0.9703125 0.5671875 0.00625 0.0046875
0 0.97265625 0.5921875 0.003125 0.0171875
0 0.97265625 0.60859375 0.00234375 0.0125
0 0.97265625 0.6203125 0.0015625 0.0078125
1 0.6 0.78359375 0.01484375 0.01171875
0 0.971875 0.765625 0.00234375 0.025
2 0.95 0.74140625 0.040625 0.01015625
2 0.89609375 0.75546875 0.06328125 0.01953125
2 0.8234375 0.77890625 0.015625 0.009375
0 0.74375 0.97109375 0.01875 0.00859375
0 0.65703125 0.975 0.01171875 0.00625
0 0.1125 0.98359375 0.028125 0.00703125
1 0.17890625 0.79609375 0.0078125 0.00859375
0 0.025 0.31015625 0.01015625 0.01640625
0 0.0234375 0.0265625 0.01328125 0.0046875
2 0.4078125 0.07578125 0.0203125 0.03359375
0 0.81875 0.01640625 0.02890625 0.009375
0 0.84375 0.01640625 0.01953125 0.0078125
0 0.90625 0.01640625 0.00859375 0.00703125
0 0.965625 0.0328125 0.00234375 0.01328125
0 0.965625 0.01875 0.003125 0.00703125
1 0.3390625 0.52265625 0.0125 0.02421875
1 0.50625 0.30859375 0.00625 0.00703125