1 0.21171875 0.44453125 0.01640625 0.02265625
1 0.04609375 0.4890625 0.0078125 0.028125
0 0.04609375 0.090625 0.00625 0.034375
1 0.8546875 0.16796875 0.021875 0.01875
0 0.96171875 0.05546875 0.0109375 0.01796875
0 0.9296875 0.95390625 0.0125 0.01796875
2 0.7890625 0.86328125 0.184375 0.01484375
0 0.409375 0.9671875 0.0375 0.01328125
0 0.07421875 0.965625 0.03125 0.0125
1 0.2921875 0.79765625 0.01171875 0.015625
1 0.73515625 0.73828125 0.01796875 0.0234375
2 0.43828125 0.6234375 0.04921875 0.15
1 0.30390625 0.5796875 0.00859375 0.009375
1 0.53359375 0.49609375 0.01015625 0.01015625
1 0.73515625 0.2796875 0.0109375 0.009375