0 0.496875 0.0109375 0.034375 0.00859375
0 0.41953125 0.97734375 0.0078125 0.0078125
0 0.5140625 0.9765625 0.00546875 0.00703125
0 0.53203125 0.97734375 0.015625 0.00625
0 0.65703125 0.971875 0.04296875 0.0109375
1 0.64765625 0.74296875 0.009375 0.009375
1 0.81796875 0.5515625 0.0125 0.01484375
1 0.44765625 0.45625 0.0140625 0.01328125
1 0.7390625 0.2609375 0.0109375 0.00859375
0 0.96171875 0.72890625 0.00546875 0.02109375
0 0.95546875 0.959375 0.00546875 0.0125
1 0.16875 0.86640625 0.0203125 0.021875
0 0.025 0.02578125 0.01015625 0.0125
0 0.025 0.290625 0.0078125 0.0390625
0 0.02265625 0.2625 0.00390625 0.009375
0 0.02578125 0.47890625 0.00390625 0.01015625
0 0.053125 0.971875 0.01640625 0.015625
0 0.07421875 0.978125 0.003125 0.00390625
1 0.225 0.24375 0.02265625 0.025
1 0.20234375 0.5546875 0.00546875 0.00703125