0 0.03515625 0.20546875 0.00625 0.01875
0 0.0359375 0.228125 0.0078125 0.02109375
1 0.11875 0.2640625 0.01875 0.015625
0 0.0390625 0.41328125 0.01171875 0.02578125
1 0.18125 0.53828125 0.00625 0.0078125
1 0.2609375 0.765625 0.0140625 0.02109375
0 0.46328125 0.965625 0.01484375 0.0125
1 0.840625 0.84140625 0.00859375 0.01171875
0 0.871875 0.9546875 0.0203125 0.0078125
2 0.91484375 0.646875 0.07890625 0.015625
2 0.80390625 0.64453125 0.040625 0.03125
2 0.76796875 0.5953125 0.0296875 0.0640625
2 0.74296875 0.496875 0.021875 0.12265625
2 0.74375 0.36875 0.021875 0.12109375
2 0.721875 0.2734375 0.03125 0.02578125
2 0.6328125 0.2578125 0.1359375 0.015625
1 0.840625 0.153125 0.0140625 0.01484375
0 0.95625 0.1671875 0.01015625 0.03203125
0 0.95546875 0.04921875 0.009375 0.02109375
1 0.325 0.1453125 0.02421875 0.0234375
1 0.1890625 0.08828125 0.00625 0.00703125
1 0.2921875 0.3375 0.0078125 0.0078125
1 0.52421875 0.4265625 0.01640625 0.0171875
1 0.40078125 0.571875 0.0078125 0.0078125
1 0.6046875 0.74609375 0.01015625 0.00859375