1 0.1671875 0.175 0.021875 0.02265625
1 0.3140625 0.365625 0.01484375 0.0125
1 0.5359375 0.3078125 0.01875 0.01796875
1 0.74765625 0.596875 0.0296875 0.0296875
1 0.3625 0.746875 0.0203125 0.01953125
1 0.5484375 0.83828125 0.021875 0.01484375
2 0.77421875 0.93359375 0.034375 0.09375
2 0.80390625 0.85234375 0.0265625 0.06640625
0 0.8109375 0.9765625 0.0125 0.0109375
0 0.0453125 0.23125 0.00625 0.02890625
0 0.41015625 0.02890625 0.05078125 0.009375
1 0.84609375 0.2078125 0.01171875 0.01328125
0 0.95390625 0.63046875 0.01328125 0.03203125
0 0.77578125 0.03125 0.01875 0.00546875