1 0.5078125 0.228125 0.0109375 0.01328125
1 0.40234375 0.17421875 0.0078125 0.0078125
1 0.6859375 0.54453125 0.01171875 0.01171875
1 0.4765625 0.47734375 0.0109375 0.01171875
1 0.2109375 0.7265625 0.0078125 0.0078125
2 0.24994725468749998 0.1666887921875 0.26990102656250003 0.259863553125 0.2764122578125 0.25922244375000003 0.2579458265625 0.16603685937499998 0.24994725468749998 0.1666887921875
2 0.274101821875 0.2925602015625 0.2875443625 0.3423531359375 0.2944756734375 0.34042980312500004 0.2793528140625 0.290423165625 0.274101821875 0.2925602015625
2 0.2855831203125 0.346618578125 0.29147285625 0.3966970109375 0.2982512953125 0.39393833906250003 0.29120171875 0.34428224531249996 0.2855831203125 0.346618578125
2 0.29418423125 0.39862808125 0.326991875 0.5131129624999999 0.3370239625 0.5117336265625 0.3006915328125 0.3955935421875 0.29418423125 0.39862808125
1 0.55390625 0.865625 0.01328125 0.0171875
1 0.3421875 0.5328125 0.021875 0.03671875
0 0.0625 0.95078125 0.0140625 0.00859375
0 0.95234375 0.0375 0.01171875 0.00859375
1 0.253125 0.1609375 0.00625 0.00703125
2 0.24332304843750002 0.133702321875 0.2497570703125 0.15512643125 0.2559961234375 0.1545313171875 0.24917215937499998 0.133702321875 0.24332304843750002 0.133702321875
0 0.22970004687499998 0.03731589375 0.232387521875 0.0516310421875 0.2366558640625 0.051309353125 0.23460073593750003 0.0374767375 0.22970004687499998 0.03731589375