1 0.325 0.27734375 0.01015625 0.009375
1 0.41640625 0.23203125 0.00703125 0.00546875
1 0.29296875 0.22578125 0.00546875 0.00546875
1 0.49921875 0.51171875 0.00703125 0.009375
1 0.15 0.70703125 0.00703125 0.00859375
1 0.19609375 0.9109375 0.00546875 0.00703125
1 0.4015625 0.7875 0.00703125 0.0078125
1 0.76015625 0.75546875 0.00625 0.0078125
1 0.76015625 0.290625 0.00859375 0.009375
0 0.29921875 0.028125 0.04609375 0.01015625
2 0.85234375 0.15703125 0.234375 0.0390625
0 0.96484375 0.0890625 0.00859375 0.01484375
0 0.05078125 0.03984375 0.0390625 0.0109375
1 0.13359375 0.5203125 0.00625 0.0046875
1 0.31640625 0.6125 0.0046875 0.0046875
1 0.33671875 0.7578125 0.00390625 0.00390625
1 0.40390625 0.3734375 0.003125 0.0046875
1 0.2625 0.84140625 0.003125 0.003125
1 0.35625 0.55546875 0.003125 0.003125
1 0.415625 0.59453125 0.00234375 0.00234375
1 0.56171875 0.63046875 0.003125 0.00234375