1 0.5453125 0.22265625 0.009375 0.009375
1 0.78125 0.22265625 0.0078125 0.00859375
1 0.7921875 0.40234375 0.021875 0.0140625
1 0.58203125 0.3953125 0.0046875 0.0046875
1 0.28203125 0.48203125 0.00703125 0.00546875
1 0.5546875 0.66171875 0.0078125 0.009375
1 0.46875 0.85859375 0.01953125 0.01640625
1 0.7796875 0.653125 0.0078125 0.00703125
0 0.9578125 0.74765625 0.0109375 0.01953125
0 0.896875 0.97109375 0.0109375 0.00703125
0 0.9234375 0.96953125 0.009375 0.00859375
0 0.91015625 0.97109375 0.0140625 0.0046875
0 0.9453125 0.96875 0.00703125 0.01171875
0 0.52421875 0.9609375 0.03359375 0.025
0 0.5578125 0.97109375 0.01484375 0.00546875
0 0.5453125 0.96796875 0.00703125 0.0109375
1 0.66328125 0.86328125 0.0046875 0.00390625
0 0.0421875 0.81875 0.00703125 0.025
0 0.63828125 0.03515625 0.0140625 0.0046875
0 0.66484375 0.03671875 0.0171875 0.00703125
0 0.88984375 0.0484375 0.015625 0.009375
0 0.903125 0.04765625 0.0078125 0.0046875
0 0.91171875 0.046875 0.00625 0.00390625
1 0.2140625 0.771875 0.00625 0.00546875