0 0.0828125 0.03984375 0.0390625 0.0109375
0 0.4640625 0.04453125 0.06171875 0.028125
0 0.14140625 0.96953125 0.0140625 0.009375
0 0.125 0.97109375 0.01640625 0.0046875
1 0.45 0.36015625 0.00859375 0.01015625
1 0.72265625 0.53828125 0.00546875 0.00546875
1 0.42734375 0.628125 0.00546875 0.00546875
1 0.46640625 0.796875 0.009375 0.00859375
1 0.2375 0.80078125 0.00703125 0.0078125
1 0.22578125 0.37109375 0.00859375 0.00859375
1 0.79296875 0.24140625 0.00546875 0.00546875
1 0.46953125 0.64140625 0.0046875 0.0046875
1 0.4953125 0.75625 0.00390625 0.00390625
1 0.53359375 0.51953125 0.003125 0.0046875
1 0.8734375 0.3359375 0.0046875 0.0046875
1 0.33671875 0.15 0.00546875 0.00546875
1 0.58046875 0.55078125 0.003125 0.00390625
0 0.35625 0.9765625 0.015625 0.00703125
0 0.38125 0.978125 0.0125 0.00546875