0 0.05859375 0.6421875 0.01328125 0.03515625
0 0.05625 0.55859375 0.009375 0.0359375
2 0.26484375 0.7140625 0.12265625 0.01953125
1 0.2015625 0.765625 0.0171875 0.01640625
1 0.57421875 0.74609375 0.0140625 0.015625
1 0.725 0.53203125 0.0171875 0.0140625
2 0.84140625 0.41953125 0.00859375 0.1375
1 0.66796875 0.303125 0.01875 0.0140625
1 0.83984375 0.24375 0.00703125 0.00859375
0 0.9515625 0.43984375 0.01328125 0.03125
1 0.8359375 0.83984375 0.0171875 0.01640625
0 0.6765625 0.9484375 0.01484375 0.0078125
0 0.93671875 0.90390625 0.009375 0.0140625
0 0.23125 0.94765625 0.0265625 0.009375
1 0.12265625 0.8765625 0.00625 0.0078125
1 0.37109375 0.78515625 0.01171875 0.01015625
1 0.50390625 0.584375 0.0078125 0.0109375
1 0.1859375 0.60390625 0.00859375 0.00625
1 0.29296875 0.34296875 0.01015625 0.01171875
0 0.05859375 0.06484375 0.00703125 0.03125
0 0.3765625 0.05234375 0.02734375 0.01015625
0 0.56328125 0.05390625 0.0140625 0.00859375
0 0.5875 0.05390625 0.0140625 0.00859375
0 0.71171875 0.05625 0.0359375 0.0078125
0 0.85234375 0.0625 0.01328125 0.00859375
0 0.8890625 0.0625 0.015625 0.00546875
1 0.84765625 0.64609375 0.0078125 0.00625
1 0.48984375 0.196875 0.00625 0.00703125
1 0.1625 0.728125 0.0046875 0.0046875