0 0.64296875 0.03046875 0.03046875 0.01171875
0 0.7640625 0.02890625 0.0078125 0.00625
0 0.8265625 0.03125 0.053125 0.0078125
0 0.96640625 0.4265625 0.0046875 0.01171875
0 0.9625 0.5171875 0.0109375 0.0390625
0 0.859375 0.96953125 0.00859375 0.01015625
0 0.05 0.46875 0.0140625 0.05546875
0 0.04765625 0.0625 0.0078125 0.01171875
1 0.25703125 0.21484375 0.009375 0.01015625
1 0.5953125 0.1078125 0.00703125 0.0078125
1 0.75546875 0.265625 0.015625 0.0125
1 0.43125 0.58671875 0.0078125 0.0078125
1 0.21796875 0.78125 0.00625 0.0078125
1 0.50078125 0.80078125 0.01171875 0.01328125
1 0.79140625 0.496875 0.0109375 0.0078125
2 0.3296875 0.10390625 0.0171875 0.1546875
2 0.86171875 0.14296875 0.01484375 0.11875
2 0.5803693703125 0.5056752015625 0.36649304531250004 0.55491746875 0.3686488875 0.5659789468749999 0.5796120359375 0.5168145625 0.5803693703125 0.5056752015625
2 0.908624296875 0.72405063125 0.9535198265625 0.697088515625 0.9537749140624999 0.6858324859375 0.9017369140625 0.7172446609375001 0.908624296875 0.72405063125
2 0.1659572828125 0.810738871875 0.15894500312499998 0.8059416 0.1311817703125 0.9294839265625001 0.1363498796875 0.9378665640625 0.1659572828125 0.810738871875
0 0.69921875 0.971875 0.00703125 0.0125
0 0.8765625 0.971875 0.01875 0.00546875
2 0.8188059031250001 0.7578938125 0.9050530609375 0.7243124 0.9004614734375 0.7190770375 0.8153166734375 0.7471520109374999 0.8188059031250001 0.7578938125
2 0.7073052718749999 0.8732662046874999 0.70864804375 0.911503896875 0.71771175625 0.911503896875 0.7163689843750001 0.8715437859374999 0.7073052718749999 0.8732662046874999