0 0.0390625 0.52734375 0.02578125 0.0390625
0 0.0296875 0.559375 0.00703125 0.02265625
0 0.0359375 0.95625 0.01015625 0.00703125
1 0.7796875 0.7796875 0.0078125 0.00703125
0 0.96328125 0.6578125 0.00703125 0.01640625
0 0.96484375 0.63125 0.0046875 0.01484375
1 0.7765625 0.53828125 0.00859375 0.00859375
1 0.61796875 0.54375 0.00546875 0.0046875
1 0.60546875 0.578125 0.00625 0.00625
1 0.3390625 0.55234375 0.0109375 0.01015625
1 0.4015625 0.65234375 0.00703125 0.00859375
1 0.13828125 0.66640625 0.0046875 0.0046875
1 0.35 0.7828125 0.00859375 0.009375
1 0.1921875 0.40546875 0.00546875 0.00546875
1 0.515625 0.27265625 0.00625 0.0078125
1 0.22421875 0.20546875 0.00546875 0.00546875
1 0.2890625 0.19296875 0.00234375 0.00390625
1 0.1171875 0.2890625 0.003125 0.00390625
1 0.496875 0.46796875 0.00234375 0.00234375
1 0.90234375 0.49765625 0.00390625 0.00390625