2 0.55234375 0.49921875 0.26484375 0.0125
2 0.753125 0.50859375 0.1078125 0.00859375
2 0.9484375 0.515625 0.0390625 0.0109375
1 0.846875 0.51328125 0.0140625 0.0078125
1 0.86015625 0.51328125 0.009375 0.00625
1 0.875 0.5140625 0.00859375 0.00546875
1 0.69140625 0.50390625 0.01328125 0.0078125
1 0.92109375 0.51328125 0.009375 0.00625
1 0.89296875 0.5125 0.009375 0.00625
1 0.325 0.26640625 0.0078125 0.0125
1 0.134375 0.17890625 0.01171875 0.01875
1 0.6078125 0.146875 0.0203125 0.015625
1 0.14140625 0.83984375 0.015625 0.0203125
1 0.26484375 0.6328125 0.01171875 0.0171875
1 0.55078125 0.8171875 0.01328125 0.0125
0 0.94921875 0.9609375 0.015625 0.0203125
0 0.71171875 0.97421875 0.00859375 0.00625
1 0.5734375 0.5296875 0.00859375 0.00625
1 0.82421875 0.5125 0.00703125 0.00390625
1 0.34296875 0.16953125 0.0046875 0.00625
1 0.5015625 0.30703125 0.00390625 0.00625
1 0.225 0.3953125 0.00390625 0.00390625
1 0.24921875 0.5171875 0.0046875 0.00390625
1 0.73671875 0.6671875 0.00390625 0.00390625
1 0.9359375 0.9203125 0.003125 0.00390625
1 0.946875 0.23828125 0.0046875 0.00390625
1 0.96484375 0.09140625 0.00390625 0.0046875
1 0.96484375 0.0859375 0.00390625 0.0046875