0 0.18828125 0.05234375 0.02734375 0.00625
0 0.053125 0.55 0.02890625 0.0609375
0 0.05703125 0.9140625 0.01171875 0.03671875
0 0.28515625 0.95078125 0.0203125 0.01015625
0 0.9640625 0.8671875 0.0109375 0.03203125
0 0.9734375 0.64921875 0.00703125 0.01484375
1 0.15078125 0.67578125 0.0203125 0.01640625
1 0.1578125 0.48046875 0.015625 0.01953125
1 0.3625 0.56015625 0.0109375 0.00859375
1 0.625 0.78046875 0.01640625 0.021875
1 0.3765625 0.778125 0.009375 0.00859375
1 0.7984375 0.76484375 0.00859375 0.0078125
1 0.628125 0.58125 0.00625 0.00703125
1 0.7953125 0.54140625 0.009375 0.009375
1 0.76640625 0.28203125 0.01875 0.0140625
1 0.771875 0.11796875 0.0078125 0.00703125
1 0.53828125 0.2921875 0.00703125 0.00703125
2 0.4609375 0.8046875 0.021875 0.18515625
1 0.240625 0.225 0.00546875 0.00625