0 0.20078125 0.059375 0.01875 0.01328125
0 0.0453125 0.36484375 0.01484375 0.0265625
0 0.046875 0.678125 0.01171875 0.03671875
0 0.0546875 0.93359375 0.00859375 0.0140625
0 0.09921875 0.95859375 0.09375 0.01640625
0 0.778125 0.96953125 0.0625 0.0171875
0 0.940625 0.96796875 0.0140625 0.01484375
0 0.95 0.4859375 0.021875 0.0453125
0 0.84296875 0.06640625 0.02421875 0.0234375
1 0.61640625 0.615625 0.00546875 0.0078125
0 0.0546875 0.9109375 0.0109375 0.02109375
0 0.05078125 0.85 0.00859375 0.01484375
0 0.05234375 0.86875 0.01171875 0.021875
0 0.053125 0.890625 0.00703125 0.01953125
2 0.17890625 0.89921875 0.0375 0.0515625
2 0.225 0.84296875 0.0515625 0.0578125
2 0.28046875 0.7859375 0.05703125 0.05234375
2 0.35234375 0.72421875 0.06796875 0.05546875
2 0.42421875 0.7 0.07109375 0.046875
2 0.55546875 0.82578125 0.08515625 0.0484375
2 0.8875 0.6296875 0.13125 0.0140625
2 0.640625 0.51796875 0.06796875 0.0625
2 0.72109375 0.434375 0.0640625 0.07890625
1 0.68125 0.4875 0.0046875 0.00546875
1 0.6015625 0.5171875 0.00546875 0.00390625
1 0.4671875 0.6953125 0.0046875 0.00390625
1 0.46953125 0.775 0.0046875 0.0046875