2 0.7359375 0.46953125 0.02421875 0.096875
2 0.278125 0.47890625 0.2234375 0.0328125
2 0.2453125 0.8640625 0.12265625 0.00703125
2 0.834375 0.89453125 0.02421875 0.0703125
2 0.79453125 0.234375 0.1140625 0.02578125
2 0.28515625 0.1515625 0.0375 0.12734375
2 0.271875 0.06171875 0.01328125 0.0484375
2 0.32734375 0.26953125 0.046875 0.1046875
2 0.38125 0.3875 0.06171875 0.12578125
2 0.465625 0.51015625 0.10390625 0.1046875
2 0.5890625 0.6078125 0.13984375 0.0890625
2 0.73359375 0.6921875 0.11484375 0.059375
2 0.87109375 0.759375 0.159375 0.07421875
1 0.83984375 0.46875 0.0078125 0.0078125
1 0.6671875 0.65859375 0.01484375 0.009375
1 0.4140625 0.45390625 0.0046875 0.00625
1 0.60234375 0.8453125 0.0046875 0.0046875
1 0.31484375 0.78203125 0.0078125 0.00859375
1 0.303125 0.6109375 0.01171875 0.0125
0 0.04375 0.6796875 0.0078125 0.065625
1 0.6765625 0.23984375 0.00625 0.00703125
1 0.54375 0.18203125 0.01640625 0.0109375
0 0.653125 0.03359375 0.021875 0.01015625
0 0.946875 0.040625 0.02109375 0.01796875
0 0.9515625 0.8828125 0.0078125 0.03125
0 0.8140625 0.96640625 0.009375 0.00625
0 0.9390625 0.96328125 0.01171875 0.00546875