0 0.03359375 0.3328125 0.009375 0.03203125
0 0.475 0.97265625 0.040625 0.01171875
0 0.89453125 0.03125 0.03125 0.01015625
1 0.66171875 0.44140625 0.02734375 0.01484375
2 0.928125 0.4109375 0.09609375 0.0140625
2 0.771875 0.421875 0.15703125 0.034375
2 0.540625 0.46796875 0.19921875 0.04609375
2 0.3296875 0.5265625 0.21484375 0.06875
2 0.203125 0.6859375 0.0359375 0.2359375
0 0.921875 0.03046875 0.0203125 0.00546875
0 0.98671875 0.034375 0.0046875 0.00703125
0 0.040625 0.015625 0.00390625 0.00546875