0 0.67890625 0.034375 0.03046875 0.00625
0 0.9671875 0.28515625 0.00546875 0.03046875
0 0.965625 0.30859375 0.00703125 0.01328125
0 0.9640625 0.3203125 0.00859375 0.0078125
0 0.96640625 0.33203125 0.00546875 0.0140625
0 0.95 0.84921875 0.00859375 0.0296875
0 0.04453125 0.4046875 0.00859375 0.0359375
1 0.5609375 0.16015625 0.0078125 0.0109375
1 0.34296875 0.3515625 0.00625 0.00625
1 0.77109375 0.5953125 0.0046875 0.0046875
1 0.46171875 0.78125 0.00859375 0.0109375
2 0.38359375 0.03828125 0.00390625 0.0171875
2 0.8859375 0.20078125 0.075 0.065625
2 0.7953125 0.29296875 0.0765625 0.0859375
2 0.728125 0.3671875 0.03046875 0.02421875
2 0.68359375 0.4046875 0.03984375 0.03125