0 0.484375 0.0296875 0.01796875 0.009375
0 0.5125 0.0296875 0.01875 0.00703125
0 0.49765625 0.028125 0.0078125 0.0046875
1 0.5765625 0.1015625 0.00546875 0.00390625
1 0.153125 0.1296875 0.0078125 0.0078125
1 0.32265625 0.2921875 0.0078125 0.009375
1 0.16796875 0.578125 0.00703125 0.00625
1 0.52578125 0.58203125 0.0078125 0.00859375
1 0.7703125 0.72734375 0.00625 0.00703125
1 0.5859375 0.8546875 0.009375 0.009375
0 0.8234375 0.97265625 0.01953125 0.00546875
0 0.7453125 0.97421875 0.00859375 0.00390625
0 0.71953125 0.975 0.0046875 0.00390625
1 0.29296875 0.8171875 0.00546875 0.00625
1 0.64921875 0.11796875 0.00625 0.00703125
1 0.659375 0.134375 0.00390625 0.00390625
1 0.67734375 0.30546875 0.00390625 0.0046875
0 0.96875 0.04765625 0.00546875 0.0125
0 0.9703125 0.059375 0.00390625 0.01015625
0 0.96171875 0.3328125 0.015625 0.0203125
0 0.9609375 0.5375 0.009375 0.0328125
1 0.778125 0.46875 0.01015625 0.0109375
2 0.640625 0.07109375 0.0140625 0.0859375
2 0.66953125 0.2171875 0.01953125 0.1578125
2 0.69609375 0.47890625 0.01015625 0.08671875
2 0.44375 0.0625 0.01953125 0.071875
2 0.38359375 0.1265625 0.0984375 0.053125
2 0.27578125 0.16015625 0.11328125 0.0203125
2 0.68515625 0.3703125 0.0171875 0.121875
2 0.70234375 0.6046875 0.01640625 0.07109375
1 0.5234375 0.84296875 0.00390625 0.0046875