0 0.025 0.03515625 0.0078125 0.01328125
0 0.27421875 0.02578125 0.01328125 0.00390625
0 0.45703125 0.0265625 0.03984375 0.00625
0 0.4828125 0.025 0.009375 0.00390625
0 0.5421875 0.0265625 0.00546875 0.00546875
0 0.6984375 0.028125 0.00625 0.003125
0 0.76953125 0.03046875 0.0125 0.003125
0 0.9 0.03359375 0.01328125 0.00234375
0 0.97578125 0.1296875 0.003125 0.0125
0 0.97734375 0.2109375 0.003125 0.01171875
0 0.97734375 0.19765625 0.003125 0.01328125
0 0.9765625 0.3453125 0.01015625 0.01484375
0 0.978125 0.35703125 0.00625 0.00625
0 0.9765625 0.3671875 0.00859375 0.01015625
0 0.978125 0.37578125 0.00625 0.0046875
0 0.97890625 0.3828125 0.00546875 0.00625
0 0.4953125 0.97890625 0.02265625 0.01015625
0 0.51328125 0.9796875 0.0125 0.00625
2 0.33984375 0.8109375 0.06171875 0.01875
2 0.396875 0.78828125 0.0453125 0.0234375
2 0.459375 0.7171875 0.03125 0.06640625
2 0.48203125 0.6203125 0.01484375 0.11640625
2 0.48984375 0.50390625 0.00625 0.06875
2 0.4921875 0.378125 0.0078125 0.1046875
2 0.5109375 0.0359375 0.00859375 0.0265625
2 0.50390625 0.09609375 0.00859375 0.01484375
1 0.73203125 0.3953125 0.0046875 0.0046875
1 0.50234375 0.11640625 0.00546875 0.0078125
1 0.49921875 0.15390625 0.003125 0.003125
1 0.4984375 0.16015625 0.00546875 0.0078125
1 0.49765625 0.16953125 0.00390625 0.0078125
1 0.33046875 0.559375 0.00546875 0.00625
1 0.51015625 0.05234375 0.00390625 0.00390625
1 0.5078125 0.065625 0.0046875 0.01171875