1 0.15078125 0.3953125 0.0171875 0.01484375
1 0.221875 0.59921875 0.003125 0.003125
1 0.30078125 0.70234375 0.01171875 0.00703125
1 0.4984375 0.90234375 0.009375 0.0140625
1 0.8375 0.80859375 0.0265625 0.0203125
0 0.95078125 0.89375 0.0125 0.03515625
0 0.9640625 0.478125 0.0171875 0.03515625
0 0.9625 0.05390625 0.02734375 0.015625
0 0.0453125 0.153125 0.01171875 0.015625
0 0.04296875 0.165625 0.00625 0.00859375
0 0.0421875 0.17578125 0.0078125 0.00859375
0 0.046875 0.7671875 0.01484375 0.0328125
0 0.19296875 0.9671875 0.02109375 0.01171875
0 0.59453125 0.97734375 0.01171875 0.00234375
1 0.5 0.525 0.015625 0.0140625
1 0.7453125 0.52578125 0.01484375 0.01171875
1 0.46484375 0.25078125 0.01484375 0.01484375
1 0.821875 0.284375 0.02265625 0.01484375