0 0.39609375 0.03984375 0.0171875 0.00859375
0 0.41328125 0.03828125 0.01640625 0.00703125
1 0.34453125 0.2125 0.00546875 0.00546875
1 0.19375 0.34296875 0.009375 0.0125
0 0.05859375 0.30390625 0.009375 0.028125
0 0.05703125 0.6359375 0.00546875 0.0125
0 0.06015625 0.6609375 0.00859375 0.0359375
0 0.46484375 0.9546875 0.0265625 0.00859375
0 0.4921875 0.95078125 0.02578125 0.0171875
0 0.75078125 0.7859375 0.0109375 0.01484375
1 0.5578125 0.69140625 0.01015625 0.01015625
1 0.38359375 0.64921875 0.01328125 0.0203125
2 0.23515625 0.50625 0.08515625 0.0296875
2 0.325 0.5359375 0.08828125 0.03046875
1 0.4171875 0.4875 0.0078125 0.00703125
1 0.68203125 0.4109375 0.00703125 0.00703125
1 0.56171875 0.3265625 0.0109375 0.01484375
1 0.79375 0.52890625 0.015625 0.01015625
1 0.7140625 0.1140625 0.0140625 0.0109375
1 0.18203125 0.5859375 0.003125 0.0046875
0 0.96171875 0.24765625 0.00703125 0.02734375
0 0.9625 0.41875 0.00546875 0.02421875
0 0.06328125 0.04453125 0.009375 0.01171875
0 0.95625 0.6953125 0.00703125 0.0125