0 0.05234375 0.646875 0.01171875 0.03671875
0 0.046875 0.2375 0.0078125 0.01640625
1 0.23984375 0.1578125 0.00625 0.00625
1 0.51875 0.23359375 0.015625 0.01328125
1 0.85859375 0.2796875 0.0140625 0.0171875
1 0.546875 0.459375 0.0234375 0.01875
1 0.2453125 0.45 0.01328125 0.0171875
2 0.26640625 0.6359375 0.20234375 0.02578125
1 0.465625 0.6859375 0.015625 0.01796875
1 0.196875 0.8171875 0.01484375 0.015625
0 0.11171875 0.96015625 0.0265625 0.009375
0 0.36328125 0.96328125 0.03125 0.00859375
2 0.8421875 0.89921875 0.06953125 0.0265625
2 0.909375 0.9203125 0.06171875 0.02734375
1 0.71796875 0.696875 0.01015625 0.0109375
1 0.89765625 0.55859375 0.02421875 0.02109375
0 0.8234375 0.04375 0.009375 0.00859375
0 0.86328125 0.04375 0.009375 0.00546875
0 0.87734375 0.0453125 0.01640625 0.0078125
1 0.70546875 0.2453125 0.00625 0.00703125
1 0.0640625 0.4671875 0.00390625 0.0046875
1 0.70390625 0.83046875 0.00390625 0.0046875
1 0.753125 0.86484375 0.00390625 0.0046875
1 0.8015625 0.86796875 0.0046875 0.00546875