0 0.3453125 0.034375 0.03671875 0.009375
0 0.37109375 0.03203125 0.01015625 0.00546875
0 0.0453125 0.22109375 0.00390625 0.0109375
0 0.04921875 0.459375 0.0078125 0.01640625
0 0.05078125 0.47421875 0.00859375 0.0109375
0 0.05546875 0.4890625 0.01640625 0.0140625
0 0.05234375 0.50234375 0.0109375 0.00703125
0 0.3046875 0.97578125 0.040625 0.00625
0 0.59296875 0.97578125 0.0234375 0.00546875
0 0.76015625 0.97109375 0.028125 0.00703125
0 0.95390625 0.96484375 0.00703125 0.00390625
0 0.9625 0.3859375 0.0078125 0.009375
0 0.9640625 0.40234375 0.00625 0.009375
0 0.96484375 0.41171875 0.00390625 0.00703125
0 0.9640625 0.39375 0.00546875 0.00625
0 0.9578125 0.04296875 0.0109375 0.01015625
0 0.6953125 0.03359375 0.0078125 0.00546875
0 0.70859375 0.0359375 0.0171875 0.009375
1 0.665625 0.178125 0.01015625 0.00859375
1 0.36171875 0.37734375 0.01640625 0.01171875
1 0.6828125 0.56171875 0.0125 0.00859375
1 0.88984375 0.715625 0.009375 0.0125
1 0.22578125 0.76484375 0.01015625 0.00703125
1 0.484375 0.80390625 0.0078125 0.0140625