0 0.36484375 0.97109375 0.0390625 0.03203125
1 0.278125 0.78203125 0.00546875 0.00625
1 0.40546875 0.61953125 0.00625 0.00625
1 0.740625 0.76015625 0.009375 0.01015625
0 0.96015625 0.96015625 0.015625 0.021875
2 0.7125 0.9296875 0.0140625 0.10078125
2 0.6515625 0.821875 0.028125 0.015625
2 0.57734375 0.79453125 0.05 0.01640625
1 0.21015625 0.446875 0.00859375 0.009375
1 0.42578125 0.265625 0.00703125 0.01015625
1 0.64140625 0.3609375 0.00546875 0.00703125
1 0.8390625 0.3078125 0.00703125 0.009375
1 0.121875 0.13359375 0.0078125 0.0078125
0 0.2953125 0.03046875 0.0140625 0.00390625