1 0.7453125 0.40625 0.00859375 0.009375
1 0.56015625 0.6078125 0.0078125 0.00703125
1 0.74375 0.75390625 0.00625 0.00703125
1 0.32421875 0.70703125 0.00703125 0.00703125
2 0.65390625 0.08515625 0.01328125 0.08828125
2 0.63046875 0.21875 0.03359375 0.021875
2 0.65859375 0.1828125 0.0203125 0.04921875
2 0.5859375 0.240625 0.04765625 0.021875
2 0.52890625 0.25859375 0.05859375 0.01796875
2 0.40078125 0.25625 0.03046875 0.01171875
2 0.2671875 0.27890625 0.02734375 0.03125
0 0.046875 0.034375 0.021875 0.0078125
1 0.3546875 0.2484375 0.00546875 0.00390625