1 0.7390625 0.2609375 0.0234375 0.01875
1 0.49453125 0.471875 0.00859375 0.01015625
1 0.25625 0.546875 0.00625 0.0046875
1 0.28125 0.2625 0.00703125 0.00859375
1 0.79375 0.47421875 0.00546875 0.00546875
1 0.78828125 0.7234375 0.015625 0.0109375
0 0.96171875 0.60703125 0.01328125 0.04140625
0 0.95 0.93828125 0.0109375 0.0140625
0 0.953125 0.95078125 0.00390625 0.01015625
0 0.95078125 0.959375 0.00625 0.00625
0 0.490625 0.965625 0.01484375 0.00625
0 0.478125 0.96640625 0.009375 0.0046875
0 0.11875 0.959375 0.01328125 0.00546875
0 0.05859375 0.9546875 0.00390625 0.01015625
0 0.05859375 0.021875 0.01640625 0.01015625
0 0.96484375 0.05078125 0.01875 0.0125
1 0.44296875 0.8 0.02109375 0.01640625
1 0.575 0.70859375 0.0078125 0.0078125
1 0.3890625 0.20546875 0.00859375 0.0078125
1 0.63515625 0.20078125 0.00625 0.00625
1 0.23125 0.815625 0.00625 0.0046875
1 0.840625 0.84609375 0.0046875 0.00390625