2 0.3765625 0.16484375 0.15546875 0.009375
1 0.58828125 0.14609375 0.01796875 0.01640625
2 0.8171875 0.15078125 0.02265625 0.13671875
0 0.96015625 0.2875 0.01171875 0.034375
0 0.9609375 0.31484375 0.01015625 0.01953125
1 0.72265625 0.384375 0.009375 0.009375
1 0.8703125 0.515625 0.0203125 0.01640625
2 0.67421875 0.84453125 0.08203125 0.01484375
1 0.8578125 0.865625 0.0125 0.0125
0 0.59921875 0.959375 0.0203125 0.01640625
0 0.6234375 0.95859375 0.025 0.0171875
2 0.3234375 0.84296875 0.03203125 0.04140625
2 0.2890625 0.88671875 0.03359375 0.04609375
0 0.21484375 0.953125 0.04140625 0.02421875
1 0.17265625 0.84296875 0.00703125 0.00859375
0 0.06171875 0.909375 0.00859375 0.01328125
1 0.13125 0.63828125 0.0140625 0.01328125
1 0.38359375 0.69765625 0.00703125 0.0078125
1 0.4796875 0.56875 0.009375 0.01015625
2 0.62265625 0.51171875 0.03984375 0.0265625
2 0.66328125 0.5375 0.040625 0.02578125
1 0.18515625 0.34375 0.01484375 0.0203125
1 0.37109375 0.2921875 0.00703125 0.00703125
1 0.209375 0.1875 0.00703125 0.00859375
0 0.05 0.35078125 0.01875 0.03515625
0 0.1890625 0.03828125 0.01171875 0.00703125
0 0.175 0.0375 0.0140625 0.0046875
1 0.16875 0.30625 0.00390625 0.0046875
1 0.2484375 0.5125 0.00546875 0.0046875
0 0.9625 0.34765625 0.00703125 0.01015625