1 0.28203125 0.26484375 0.009375 0.01015625
1 0.3875 0.20859375 0.00625 0.00625
1 0.6296875 0.20390625 0.00625 0.0078125
1 0.490625 0.47578125 0.009375 0.01328125
1 0.25546875 0.54921875 0.00625 0.00625
1 0.56953125 0.7125 0.00859375 0.00859375
1 0.22890625 0.81875 0.00703125 0.00625
1 0.78671875 0.478125 0.00703125 0.00859375
1 0.8328125 0.853125 0.00546875 0.00703125
1 0.8609375 0.4625 0.00546875 0.0046875
0 0.95625 0.0515625 0.01875 0.0125
0 0.95234375 0.6125 0.0125 0.040625
0 0.11015625 0.9609375 0.03046875 0.00390625
0 0.0640625 0.0265625 0.01640625 0.0109375
1 0.72109375 0.878125 0.003125 0.0046875