2 0.66015625 0.10703125 0.021875 0.1359375
2 0.61953125 0.21171875 0.096875 0.0734375
2 0.5171875 0.26015625 0.103125 0.01953125
2 0.4015625 0.259375 0.12109375 0.01953125
2 0.30078125 0.30546875 0.07421875 0.10546875
2 0.26875 0.40234375 0.0109375 0.084375
1 0.1640625 0.16015625 0.01171875 0.0109375
1 0.43359375 0.48359375 0.01640625 0.015625
1 0.1640625 0.67890625 0.021875 0.021875
1 0.34765625 0.71171875 0.00859375 0.0078125
1 0.2796875 0.87734375 0.0140625 0.0171875
1 0.2484375 0.79765625 0.01015625 0.009375
1 0.1109375 0.80859375 0.01015625 0.0078125
1 0.0671875 0.93203125 0.00546875 0.009375
1 0.53984375 0.82109375 0.00625 0.0078125
1 0.7609375 0.7453125 0.0203125 0.0125
1 0.575 0.60703125 0.009375 0.00859375
1 0.75 0.403125 0.0078125 0.00859375
1 0.8515625 0.16171875 0.0109375 0.00859375
0 0.4203125 0.95625 0.0234375 0.01171875
0 0.24453125 0.9578125 0.0203125 0.0078125
0 0.22265625 0.95859375 0.0140625 0.00625
0 0.965625 0.546875 0.0125 0.0140625
0 0.96953125 0.128125 0.009375 0.02734375
0 0.17734375 0.03984375 0.03359375 0.01171875
0 0.059375 0.040625 0.02421875 0.0109375