0 0.50859375 0.02265625 0.03046875 0.00859375
2 0.53203125 0.02265625 0.003125 0.00625
1 0.5734375 0.23515625 0.0046875 0.00546875
1 0.528125 0.44453125 0.0109375 0.01015625
1 0.38828125 0.58203125 0.0046875 0.0046875
1 0.553125 0.89375 0.003125 0.0046875
0 0.85078125 0.96640625 0.02734375 0.0171875
1 0.79140625 0.76796875 0.00390625 0.0046875
1 0.746875 0.5171875 0.0078125 0.0046875
0 0.9734375 0.18984375 0.00625 0.02890625
0 0.93828125 0.0359375 0.00625 0.00546875
0 0.9734375 0.03828125 0.00625 0.0046875
0 0.97578125 0.0453125 0.0015625 0.00390625
0 0.7359375 0.0296875 0.0546875 0.009375
0 0.0359375 0.27734375 0.0125 0.03828125
0 0.034375 0.17109375 0.00703125 0.0125
1 0.209375 0.53671875 0.0046875 0.00546875
1 0.25859375 0.78125 0.0046875 0.0046875