0 0.04765625 0.13828125 0.00859375 0.02265625
1 0.20703125 0.33828125 0.00546875 0.00546875
1 0.4578125 0.46953125 0.01953125 0.02265625
1 0.71796875 0.59140625 0.0078125 0.00859375
1 0.821875 0.82109375 0.015625 0.01953125
0 0.83671875 0.95859375 0.0125 0.00390625
0 0.74453125 0.96015625 0.01015625 0.0046875
0 0.58984375 0.96328125 0.01328125 0.003125
0 0.34375 0.9609375 0.0203125 0.00546875
0 0.3640625 0.96171875 0.01875 0.0046875
0 0.05703125 0.9546875 0.00625 0.00390625
0 0.0546875 0.8390625 0.00703125 0.009375
0 0.0546875 0.85078125 0.00625 0.0125
1 0.121875 0.66796875 0.01953125 0.015625
1 0.275 0.5625 0.00859375 0.00625
1 0.37109375 0.74453125 0.01640625 0.01953125
1 0.52421875 0.8234375 0.00625 0.0078125
0 0.946875 0.34765625 0.015625 0.0359375
1 0.82734375 0.23984375 0.0078125 0.00625
1 0.58828125 0.23515625 0.0078125 0.01328125
1 0.3234375 0.13984375 0.00625 0.0078125
1 0.4015625 0.08125 0.003125 0.00546875
0 0.58828125 0.028125 0.01484375 0.00703125