0 0.05859375 0.05 0.0171875 0.01484375
0 0.05234375 0.140625 0.0109375 0.05078125
0 0.05078125 0.53515625 0.0109375 0.04375
0 0.459375 0.9515625 0.0359375 0.01640625
0 0.95234375 0.409375 0.0171875 0.040625
0 0.95703125 0.146875 0.01328125 0.0484375
0 0.659375 0.03515625 0.040625 0.0078125
1 0.27578125 0.5109375 0.0171875 0.02734375
1 0.67109375 0.4875 0.03515625 0.02890625
1 0.41640625 0.24609375 0.02421875 0.015625
1 0.44609375 0.8140625 0.01015625 0.009375
1 0.81328125 0.79609375 0.0234375 0.02265625
2 0.509375 0.13203125 0.36953125 0.04921875
2 0.4515625 0.47890625 0.06875 0.0375
2 0.28125 0.33359375 0.2625 0.02265625
2 0.55078125 0.83125 0.07578125 0.19921875
2 0.52578125 0.5234375 0.06953125 0.0453125