0 0.2890625 0.02578125 0.0359375 0.01328125
1 0.23984375 0.19140625 0.0078125 0.0125
1 0.14296875 0.3015625 0.00625 0.00703125
1 0.0484375 0.24453125 0.00703125 0.00546875
1 0.3171875 0.6578125 0.00703125 0.00703125
0 0.2171875 0.95703125 0.04375 0.01015625
1 0.7625 0.803125 0.00703125 0.00703125
1 0.80546875 0.546875 0.0078125 0.00625
0 0.94296875 0.896875 0.0140625 0.0171875
0 0.96171875 0.16484375 0.01328125 0.04375
1 0.86953125 0.18515625 0.00703125 0.00625
0 0.84765625 0.0328125 0.01484375 0.0109375
0 0.784375 0.02890625 0.01171875 0.00546875
1 0.603125 0.1484375 0.00703125 0.0078125
1 0.6109375 0.35078125 0.00625 0.00703125
0 0.040625 0.02890625 0.01328125 0.01328125