1 0.2796875 0.47578125 0.00703125 0.009375
1 0.66171875 0.428125 0.00546875 0.00703125
1 0.7390625 0.62890625 0.0109375 0.0109375
1 0.38515625 0.7375 0.00703125 0.00546875
1 0.8265625 0.24140625 0.009375 0.01171875
1 0.10625 0.1109375 0.00703125 0.00703125
2 0.25078125 0.35390625 0.1125 0.0109375
2 0.81328125 0.578125 0.0234375 0.06953125
2 0.35625 0.353125 0.0875 0.009375
2 0.4484375 0.35234375 0.0671875 0.01171875
2 0.553125 0.3609375 0.059375 0.015625
2 0.8546875 0.9140625 0.0109375 0.03671875