0 0.3328125 0.04921875 0.059375 0.0140625
0 0.05234375 0.0609375 0.0234375 0.03671875
0 0.83828125 0.05546875 0.01953125 0.00546875
0 0.69140625 0.05078125 0.0109375 0.0046875
0 0.95703125 0.4140625 0.01171875 0.02421875
0 0.940625 0.8984375 0.009375 0.0234375
0 0.04375 0.4890625 0.0125 0.0359375
1 0.30390625 0.16328125 0.015625 0.01875
1 0.559375 0.20703125 0.01015625 0.01171875
1 0.3109375 0.3609375 0.009375 0.01015625
1 0.51484375 0.4703125 0.00625 0.00859375
1 0.678125 0.54609375 0.01796875 0.0140625
1 0.2359375 0.5765625 0.01875 0.028125
1 0.75234375 0.24375 0.01015625 0.0109375
1 0.73046875 0.8484375 0.02109375 0.01875
0 0.959375 0.39140625 0.0078125 0.01875
2 0.81953125 0.5953125 0.08828125 0.009375
2 0.459375 0.4296875 0.0203125 0.04453125
2 0.48203125 0.3828125 0.02421875 0.046875
2 0.265625 0.7984375 0.01484375 0.09609375
1 0.23359375 0.73828125 0.00625 0.00625
1 0.77890625 0.70625 0.0078125 0.00859375
1 0.1390625 0.29453125 0.00546875 0.00625