1 0.56171875 0.175 0.0140625 0.0125
1 0.7484375 0.353125 0.00859375 0.009375
1 0.2796875 0.259375 0.00859375 0.0125
1 0.4671875 0.55703125 0.01171875 0.0109375
0 0.284375 0.9765625 0.00859375 0.00390625
0 0.29296875 0.9765625 0.0078125 0.00390625
0 0.3140625 0.97578125 0.03203125 0.00703125
1 0.859375 0.84375 0.02109375 0.02265625
0 0.96015625 0.96328125 0.015625 0.015625
1 0.265625 0.77890625 0.02109375 0.021875
0 0.06640625 0.96953125 0.01171875 0.01015625
0 0.0453125 0.50546875 0.00703125 0.03203125
0 0.7390625 0.02109375 0.02109375 0.00625
0 0.9765625 0.3390625 0.009375 0.034375
0 0.9796875 0.36171875 0.00234375 0.01015625
0 0.97578125 0.590625 0.00625 0.00625
0 0.978125 0.47109375 0.00546875 0.00703125
0 0.978125 0.49296875 0.0046875 0.00546875
0 0.97265625 0.025 0.0125 0.00546875