0 0.03046875 0.12890625 0.0078125 0.03046875
0 0.03671875 0.04609375 0.0203125 0.00546875
0 0.17421875 0.04375 0.009375 0.00703125
0 0.9828125 0.315625 0.00703125 0.01875
0 0.9828125 0.34296875 0.00625 0.0328125
0 0.9828125 0.365625 0.00703125 0.01171875
0 0.965625 0.94765625 0.00703125 0.00625
2 0.73671875 0.89765625 0.01328125 0.09375
2 0.71171875 0.80390625 0.04296875 0.0921875
2 0.665625 0.69609375 0.05 0.11875
2 0.6171875 0.5953125 0.0328125 0.05546875
2 0.56796875 0.52890625 0.05390625 0.05546875
2 0.51015625 0.4734375 0.046875 0.04140625
2 0.44453125 0.425 0.06328125 0.040625
2 0.19375 0.2875 0.08984375 0.05859375
2 0.0875 0.2375 0.1203125 0.040625
2 0.29375 0.34296875 0.0625 0.028125
2 0.37890625 0.3859375 0.06796875 0.0375
1 0.33046875 0.7703125 0.00546875 0.00703125
0 0.35546875 0.96171875 0.01953125 0.01015625
0 0.06015625 0.95703125 0.021875 0.01796875
1 0.70390625 0.2359375 0.0078125 0.0078125
1 0.4015625 0.17109375 0.00703125 0.00703125
1 0.33515625 0.3609375 0.015625 0.0125
1 0.5375 0.49765625 0.00546875 0.00703125
1 0.59765625 0.56328125 0.0046875 0.009375
1 0.63671875 0.6296875 0.0078125 0.0109375
1 0.15859375 0.5484375 0.0078125 0.00703125
1 0.1984375 0.73515625 0.0078125 0.00703125