1 0.403125 0.571875 0.00859375 0.009375
2 0.82109375 0.6484375 0.034375 0.021875
2 0.775 0.58828125 0.0203125 0.0359375
2 0.759375 0.546875 0.01796875 0.04375
2 0.7484375 0.4984375 0.0125 0.04921875
2 0.75234375 0.4015625 0.01328125 0.02890625
2 0.79296875 0.621875 0.01875 0.02890625
1 0.88125 0.65390625 0.00859375 0.0078125
1 0.86171875 0.6578125 0.00859375 0.00625
2 0.89453125 0.65 0.01328125 0.0046875
2 0.92890625 0.64453125 0.028125 0.00703125
2 0.9578125 0.64140625 0.0265625 0.00546875
2 0.96796875 0.0390625 0.00859375 0.02109375
2 0.725 0.265625 0.0265625 0.02265625
1 0.759375 0.35390625 0.003125 0.0078125