2 0.1421875 0.140625 0.115625 0.0125
0 0.0390625 0.36640625 0.01171875 0.028125
0 0.0375 0.18046875 0.01015625 0.05234375
0 0.50703125 0.028125 0.04375 0.01328125
2 0.69609375 0.06484375 0.0375 0.06484375
2 0.73046875 0.1390625 0.02890625 0.084375
0 0.96640625 0.13046875 0.0109375 0.009375
0 0.96875 0.1125 0.00546875 0.025
0 0.96640625 0.3015625 0.01328125 0.00703125
2 0.8859375 0.28828125 0.03984375 0.0078125
1 0.765625 0.80546875 0.00625 0.00625
1 0.46015625 0.9703125 0.0546875 0.01484375
2 0.07734375 0.684375 0.07109375 0.0109375
2 0.1484375 0.68515625 0.06875 0.01328125
1 0.21875 0.7578125 0.0078125 0.00625
0 0.0796875 0.9625 0.01328125 0.00625
2 0.5171875 0.5109375 0.01171875 0.046875
2 0.52890625 0.5640625 0.0125 0.05390625
2 0.54375 0.62109375 0.01796875 0.05703125
2 0.5078125 0.45859375 0.0109375 0.0546875
1 0.57578125 0.58515625 0.009375 0.009375
1 0.4875 0.209375 0.00703125 0.0109375
0 0.4171875 0.02578125 0.0109375 0.00546875
1 0.11328125 0.4171875 0.00703125 0.00703125