0 0.06640625 0.1234375 0.01328125 0.01796875
0 0.06484375 0.06875 0.0078125 0.00859375
2 0.23203125 0.1234375 0.078125 0.00703125
1 0.58359375 0.18984375 0.0203125 0.01640625
0 0.78671875 0.06796875 0.05234375 0.00859375
1 0.871875 0.16015625 0.01953125 0.01796875
1 0.68359375 0.3671875 0.00625 0.00703125
1 0.7625 0.53984375 0.01796875 0.0125
2 0.58828125 0.4890625 0.0109375 0.1484375
1 0.48203125 0.51875 0.02265625 0.02265625
1 0.74921875 0.81015625 0.00859375 0.009375
0 0.70078125 0.959375 0.03203125 0.01015625
0 0.93125 0.95625 0.01015625 0.0109375
0 0.9390625 0.84453125 0.01015625 0.0328125
2 0.24921875 0.75234375 0.21328125 0.02265625
0 0.0671875 0.83359375 0.01171875 0.04453125
0 0.17890625 0.95390625 0.01328125 0.009375
1 0.40546875 0.85 0.0078125 0.0078125