0 0.80625 0.034375 0.015625 0.00703125
0 0.82109375 0.03828125 0.01171875 0.0125
0 0.86484375 0.03515625 0.0078125 0.00390625
0 0.87109375 0.0359375 0.0046875 0.00234375
0 0.89140625 0.0359375 0.0046875 0.00234375
0 0.91171875 0.0375 0.0078125 0.00234375
0 0.9171875 0.0390625 0.00390625 0.003125
0 0.9234375 0.04140625 0.00859375 0.0078125
0 0.93046875 0.04140625 0.0046875 0.00703125
0 0.93515625 0.03984375 0.003125 0.00390625
0 0.940625 0.0390625 0.00546875 0.0015625
0 0.946875 0.0390625 0.00546875 0.003125
0 0.9515625 0.03828125 0.003125 0.0015625
0 0.98359375 0.12421875 0.00703125 0.01015625
0 0.98515625 0.13046875 0.003125 0.00234375
0 0.98359375 0.1359375 0.00546875 0.0078125
0 0.98515625 0.14140625 0.003125 0.00234375
0 0.984375 0.15703125 0.00703125 0.0125
0 0.98046875 0.40078125 0.0109375 0.02265625
1 0.759375 0.8609375 0.00859375 0.0109375
1 0.74375 0.6125 0.0046875 0.00546875
1 0.48515625 0.71875 0.00625 0.00546875
1 0.134375 0.64140625 0.0046875 0.0046875
0 0.0546875 0.02734375 0.0265625 0.01171875
1 0.13046875 0.88984375 0.00546875 0.0078125
1 0.2453125 0.1765625 0.0078125 0.00703125
1 0.634375 0.259375 0.00546875 0.00703125
2 0.83828125 0.1453125 0.2453125 0.03046875
2 0.64375 0.16796875 0.13671875 0.034375
2 0.53828125 0.20390625 0.06875 0.05546875
2 0.46015625 0.278125 0.07421875 0.08359375
2 0.38984375 0.4078125 0.06171875 0.1671875
2 0.36484375 0.66171875 0.01953125 0.33203125
0 0.9765625 0.14609375 0.01953125 0.00703125
1 0.43359375 0.33984375 0.0046875 0.00546875