2 0.64375 0.24375 0.203125 0.0078125
2 0.1746425515625 0.384277040625 0.1668997796875 0.3847167171875 0.2155071890625 0.49507545625000005 0.227551503125 0.49595480781249995 0.1746425515625 0.384277040625
2 0.499775021875 0.69042999375 0.6618114546875 0.6138042375 0.6590783109375 0.6098133125 0.6579069625 0.6082169421875 0.4978227765625 0.6800535890625 0.499775021875 0.69042999375
2 0.8890913781249999 0.780014521875 0.882024825 0.7794276171875001 0.8596527765624999 0.8639873765624999 0.8679686515625 0.8664297781249999 0.8890913781249999 0.780014521875
2 0.12611510312500002 0.874411628125 0.12377240781250001 0.88159529375 0.217480225 0.9362709625000001 0.22021336875 0.9282891140625 0.12611510312500002 0.874411628125
0 0.3953125 0.04609375 0.0453125 0.0125
0 0.90078125 0.05390625 0.1234375 0.0296875
0 0.95546875 0.56484375 0.021875 0.021875
0 0.04375 0.5125 0.0046875 0.01484375
0 0.05 0.646875 0.0109375 0.040625
0 0.40625 0.95703125 0.0625 0.0125
0 0.14765625 0.9546875 0.02890625 0.00703125
0 0.6203125 0.95859375 0.0265625 0.0078125
0 0.765625 0.95625 0.0453125 0.00703125
0 0.8859375 0.9546875 0.01640625 0.00390625
1 0.390625 0.35 0.0078125 0.0078125
1 0.18125 0.20625 0.009375 0.0078125
1 0.8015625 0.1484375 0.00703125 0.00703125
2 0.7459051265625 0.79148516875 0.6809025015625 0.7906546484375 0.68361094375 0.8025587625 0.7608015625 0.7986830046875 0.7949279406249999 0.7726600578125 0.7868026125 0.76518538125 0.7459051265625 0.79148516875
2 0.966372365625 0.495266515625 0.906786625 0.49665071406249994 0.9075991578125 0.5082779890625 0.9658306765625 0.5019106718749999 0.966372365625 0.495266515625
2 0.8783479765625 0.5196284234374999 0.9043490265624999 0.5088316671875 0.9029948046875 0.498311753125 0.8715768687500001 0.5104927078125 0.8428673765625 0.5500808078125 0.8493676390625 0.55284920625 0.8783479765625 0.5196284234374999
2 0.836537771875 0.5812929203125 0.8482776953125001 0.5556189171875 0.8411791375 0.5536654609375 0.8258899359375 0.5773860078124999 0.8010449828124999 0.65468708125 0.8116928187499999 0.6588730609375 0.836537771875 0.5812929203125