0 0.63359375 0.0359375 0.025 0.009375
1 0.215625 0.3328125 0.01015625 0.009375
0 0.04921875 0.521875 0.00625 0.0078125
0 0.05234375 0.5390625 0.009375 0.015625
0 0.053125 0.5546875 0.00703125 0.0125
0 0.05078125 0.5703125 0.00390625 0.01796875
1 0.14609375 0.609375 0.00625 0.00703125
0 0.60859375 0.9671875 0.0140625 0.00625
0 0.628125 0.965625 0.02109375 0.009375
0 0.94296875 0.8765625 0.00546875 0.021875
0 0.95234375 0.4671875 0.00625 0.015625
0 0.9515625 0.4859375 0.00546875 0.01953125
1 0.8515625 0.3734375 0.02265625 0.0140625
1 0.8453125 0.1984375 0.00625 0.00703125
1 0.33984375 0.16796875 0.0140625 0.01796875
1 0.5140625 0.325 0.01015625 0.01171875
1 0.75 0.55234375 0.009375 0.00703125
1 0.78359375 0.796875 0.015625 0.02109375
2 0.6734375 0.6875 0.03828125 0.078125
2 0.78046875 0.8734375 0.03046875 0.07265625
0 0.0671875 0.915625 0.00859375 0.06328125
0 0.10234375 0.96796875 0.01953125 0.00546875
1 0.690625 0.36015625 0.0046875 0.00390625
1 0.44375 0.475 0.00625 0.00546875