1 0.5515625 0.48203125 0.0140625 0.009375
1 0.52109375 0.75 0.0140625 0.009375
1 0.6484375 0.684375 0.00546875 0.00546875
1 0.75 0.53515625 0.00625 0.0046875
1 0.65859375 0.29609375 0.0046875 0.00546875
1 0.84140625 0.20703125 0.00625 0.0078125
0 0.80546875 0.03359375 0.021875 0.0109375
0 0.953125 0.0359375 0.02265625 0.00546875
0 0.8 0.9546875 0.025 0.00390625
2 0.24609375 0.90625 0.02421875 0.1
2 0.2390625 0.7796875 0.03125 0.1296875
2 0.13203125 0.75703125 0.05625 0.01953125
2 0.18828125 0.7328125 0.01640625 0.01015625
2 0.2421875 0.6859375 0.01484375 0.0171875
2 0.2734375 0.64375 0.04140625 0.05546875
2 0.31328125 0.5859375 0.0296875 0.0421875
2 0.34765625 0.51328125 0.03203125 0.08125
1 0.16640625 0.87578125 0.00546875 0.00546875
1 0.09296875 0.7671875 0.01953125 0.0125
2 0.16953125 0.74296875 0.01796875 0.01171875
0 0.06484375 0.7734375 0.01953125 0.01484375
0 0.06015625 0.86953125 0.0046875 0.00546875
1 0.3140625 0.24296875 0.00703125 0.00625
0 0.06015625 0.034375 0.01484375 0.0125
0 0.10546875 0.0296875 0.00625 0.00546875
1 0.3296875 0.559375 0.00546875 0.0078125