0 0.0609375 0.1828125 0.00546875 0.04296875
0 0.071875 0.04765625 0.025 0.0078125
0 0.4390625 0.0375 0.0125 0.00703125
0 0.959375 0.05546875 0.00703125 0.0359375
0 0.66015625 0.9640625 0.046875 0.0078125
0 0.76015625 0.9640625 0.01015625 0.00625
1 0.76640625 0.24140625 0.0078125 0.00546875
1 0.82265625 0.4546875 0.01328125 0.01171875
1 0.69453125 0.65078125 0.009375 0.00859375
1 0.43359375 0.5453125 0.00625 0.00703125
2 0.597392496875 0.2411732109375 0.6026863640625 0.242862690625 0.604722465625 0.22512315468750002 0.618975184375 0.1195306796875 0.6116452156250001 0.11826357031250001 0.60838745 0.1537426421875 0.60105748125 0.2120296875 0.597392496875 0.2411732109375
2 0.20475727031250002 0.48669569218750003 0.1201342921875 0.3831357640625 0.1104762421875 0.38886260156249997 0.19587306875 0.494172778125 0.20475727031250002 0.48669569218750003
2 0.9596611140625001 0.614032209375 0.8418534640625 0.6520386796875 0.84572219375 0.661405815625 0.9596611140625001 0.6230450265624999 0.9596611140625001 0.614032209375
2 0.689966525 0.802366565625 0.534217803125 0.7589983874999999 0.5257989671875001 0.769918428125 0.6872604609375 0.8139105984375 0.689966525 0.802366565625