0 0.575 0.03125 0.025 0.009375
0 0.9535533421875 0.9402233390625 0.9549274265625 0.9585735968750001 0.9614075515625 0.9576972296875 0.959717090625 0.9422149093750001 0.9535533421875 0.9402233390625
0 0.9606040828125 0.33698761875 0.9611506750000001 0.37186143125000004 0.9667532234375 0.3722867203125 0.9663432875 0.3365623296875 0.9606040828125 0.33698761875
0 0.9668898796875001 0.384194846875 0.9621072140625 0.384194846875 0.962653796875 0.419848465625 0.9668898796875001 0.4199192390625 0.9668898796875001 0.384194846875
1 0.290625 0.259375 0.00546875 0.00703125
2 0.33515625 0.9109375 0.02421875 0.14921875
2 0.37734375 0.7609375 0.0453125 0.11015625
2 0.41328125 0.6359375 0.03125 0.12578125
2 0.440625 0.5109375 0.02109375 0.1171875
2 0.4625 0.38828125 0.02421875 0.1015625
0 0.06640625 0.9453125 0.015625 0.02890625
0 0.0671875 0.97265625 0.009375 0.02421875
0 0.4296875 0.98125 0.0328125 0.0078125