0 0.03828125 0.17734375 0.0140625 0.03515625
1 0.14921875 0.40625 0.01953125 0.01953125
2 0.30859375 0.51953125 0.02265625 0.08203125
2 0.2859375 0.6109375 0.0265625 0.09765625
1 0.053125 0.7796875 0.01796875 0.03515625
0 0.20390625 0.9734375 0.02421875 0.01484375
2 0.31171875 0.8921875 0.08515625 0.0109375
1 0.84375 0.8 0.02890625 0.025
0 0.95703125 0.8796875 0.01484375 0.03125
0 0.959375 0.46875 0.01875 0.0390625
0 0.74453125 0.521875 0.01796875 0.0140625
2 0.65 0.490625 0.0203125 0.0703125
2 0.66796875 0.56875 0.0203125 0.0828125
1 0.8140625 0.28125 0.02421875 0.0171875
1 0.49921875 0.5265625 0.01953125 0.01640625
1 0.30546875 0.7078125 0.0140625 0.01015625
1 0.50703125 0.90234375 0.0125 0.01640625
1 0.459375 0.25546875 0.0171875 0.01953125
2 0.4046875 0.11875 0.11640625 0.0109375
0 0.9484375 0.0484375 0.0296875 0.01484375
1 0.62109375 0.721875 0.00703125 0.00859375
1 0.62890625 0.22265625 0.01015625 0.009375