1 0.24140625 0.2078125 0.00859375 0.01171875
1 0.640625 0.35859375 0.0125 0.01796875
1 0.60390625 0.5265625 0.009375 0.0078125
1 0.32421875 0.60546875 0.00625 0.00625
1 0.4515625 0.69140625 0.01015625 0.0140625
1 0.6765625 0.803125 0.00625 0.00546875
0 0.609375 0.9734375 0.021875 0.00625
0 0.6265625 0.97265625 0.01015625 0.00859375
1 0.2953125 0.903125 0.0125 0.009375
0 0.03984375 0.97265625 0.00546875 0.0078125
0 0.03046875 0.76640625 0.00703125 0.01484375
0 0.03046875 0.78203125 0.00546875 0.01484375
0 0.02265625 0.5984375 0.00546875 0.02578125
0 0.01796875 0.246875 0.003125 0.03828125
0 0.01875 0.30390625 0.00625 0.01484375
0 0.01953125 0.27265625 0.00546875 0.0109375
1 0.01953125 0.2875 0.0046875 0.015625
1 0.01953125 0.22109375 0.00390625 0.01171875
1 0.2015625 0.484375 0.01640625 0.009375
1 0.83515625 0.67265625 0.009375 0.01171875
0 0.97265625 0.71484375 0.01015625 0.0171875
0 0.975 0.7015625 0.00546875 0.00703125
0 0.984375 0.3734375 0.00546875 0.01171875
0 0.98203125 0.35703125 0.0078125 0.0171875
0 0.984375 0.33203125 0.00703125 0.0078125
0 0.98359375 0.34296875 0.00703125 0.01015625
0 0.56171875 0.0265625 0.0171875 0.00703125
0 0.525 0.03125 0.02578125 0.01875
0 0.5453125 0.0265625 0.0109375 0.00859375
0 0.80390625 0.028125 0.009375 0.00390625