1 0.85546875 0.1328125 0.01484375 0.02109375
1 0.70078125 0.3046875 0.00703125 0.00859375
1 0.3875 0.2796875 0.009375 0.0109375
1 0.56484375 0.52734375 0.009375 0.00859375
1 0.68984375 0.62421875 0.00859375 0.009375
1 0.20546875 0.8 0.01171875 0.01015625
1 0.30234375 0.6375 0.009375 0.0109375
1 0.51171875 0.7625 0.00859375 0.0078125
1 0.83046875 0.8421875 0.009375 0.00859375
0 0.359375 0.959375 0.0359375 0.01640625
0 0.81328125 0.959375 0.02890625 0.00703125
0 0.89609375 0.95546875 0.01484375 0.00546875