1 0.57109375 0.2375 0.00546875 0.00546875
1 0.22421875 0.54296875 0.00390625 0.00390625
1 0.396875 0.584375 0.0046875 0.00390625
1 0.7453125 0.51484375 0.0078125 0.00625
1 0.7921875 0.76328125 0.0046875 0.00546875
1 0.56171875 0.890625 0.0046875 0.00546875
1 0.27578125 0.7828125 0.0046875 0.00546875
2 0.1 0.1921875 0.046875 0.01796875
0 0.053125 0.2921875 0.01171875 0.0375
0 0.8546875 0.9609375 0.02734375 0.01640625
0 0.5046875 0.02890625 0.02890625 0.00703125
0 0.525 0.028125 0.01015625 0.00546875
0 0.7421875 0.03046875 0.021875 0.00859375
0 0.72109375 0.028125 0.0171875 0.00390625
0 0.70546875 0.0265625 0.01171875 0.00234375
0 0.9625 0.18359375 0.00546875 0.02890625
0 0.925 0.03046875 0.0078125 0.00390625
0 0.9609375 0.03203125 0.00703125 0.00546875
1 0.22265625 0.175 0.00546875 0.00625
0 0.05 0.18671875 0.0078125 0.0109375