1 0.33515625 0.23125 0.0078125 0.009375
1 0.3421875 0.47265625 0.00859375 0.009375
1 0.840625 0.5046875 0.0078125 0.00859375
1 0.703125 0.328125 0.0078125 0.00859375
1 0.60703125 0.6671875 0.00546875 0.00859375
1 0.46953125 0.878125 0.009375 0.009375
0 0.540625 0.98359375 0.0140625 0.01015625
0 0.5546875 0.98203125 0.0125 0.01171875
2 0.4375 0.0375 0.0234375 0.040625
2 0.46015625 0.08359375 0.0203125 0.04921875
2 0.48203125 0.146875 0.0203125 0.0609375
2 0.5 0.20703125 0.0125 0.04453125
1 0.1515625 0.8515625 0.00625 0.00625
0 0.95390625 0.6921875 0.0046875 0.0078125
0 0.65859375 0.98359375 0.0140625 0.0046875