0 0.59375 0.0359375 0.01953125 0.01171875
0 0.975 0.159375 0.00546875 0.0140625
0 0.97265625 0.175 0.009375 0.015625
0 0.9703125 0.4375 0.00546875 0.00859375
0 0.9640625 0.65078125 0.0046875 0.01484375
0 0.9609375 0.67578125 0.0078125 0.034375
0 0.91796875 0.965625 0.01796875 0.0078125
0 0.93515625 0.9640625 0.01484375 0.00859375
1 0.51484375 0.86796875 0.0171875 0.01640625
1 0.2828125 0.78828125 0.025 0.02265625
1 0.4765625 0.7109375 0.0109375 0.0078125
0 0.2875 0.97578125 0.021875 0.00703125
0 0.3078125 0.97734375 0.01796875 0.0046875
0 0.05625 0.92421875 0.00703125 0.015625
1 0.15859375 0.1875 0.0078125 0.00546875
1 0.2375 0.5234375 0.0078125 0.00859375
1 0.57734375 0.33828125 0.00625 0.0046875
1 0.36328125 0.27578125 0.0078125 0.00703125
1 0.6375 0.471875 0.00546875 0.00625
1 0.7484375 0.628125 0.0078125 0.00859375
1 0.7890625 0.828125 0.00625 0.0078125
1 0.753125 0.3109375 0.01875 0.02265625
2 0.9546875 0.16171875 0.009375 0.05546875
2 0.9609375 0.23984375 0.009375 0.09375