0 0.19921875 0.0359375 0.0203125 0.0125
0 0.840625 0.0515625 0.025 0.02578125
0 0.0859375 0.9234375 0.09296875 0.0203125
0 0.0421875 0.8984375 0.0125 0.015625
0 0.94375 0.46796875 0.02109375 0.04609375
0 0.03984375 0.8265625 0.009375 0.03515625
0 0.0421875 0.875 0.01015625 0.02265625
0 0.040625 0.8546875 0.00859375 0.01796875
2 0.17109375 0.8609375 0.05078125 0.0703125
2 0.21484375 0.80859375 0.028125 0.03359375
2 0.2703125 0.7546875 0.0765625 0.06640625
2 0.34375 0.6921875 0.05625 0.04765625
2 0.878125 0.60859375 0.134375 0.01328125
2 0.54296875 0.79765625 0.08046875 0.0453125