1 0.61796875 0.1390625 0.009375 0.01171875
1 0.7828125 0.2828125 0.01015625 0.01171875
1 0.84140625 0.51015625 0.009375 0.01328125
1 0.7984375 0.74921875 0.01328125 0.01015625
1 0.615625 0.74453125 0.01015625 0.009375
1 0.40859375 0.76796875 0.00703125 0.0125
1 0.275 0.6109375 0.00859375 0.009375
1 0.56796875 0.38046875 0.009375 0.01015625
1 0.1109375 0.075 0.01171875 0.01015625
1 0.3421875 0.215625 0.00859375 0.009375
2 0.08828125 0.6078125 0.0828125 0.01328125
2 0.3796875 0.41796875 0.046875 0.021875
2 0.56484375 0.5140625 0.028125 0.01484375
2 0.16875 0.31953125 0.028125 0.0203125
2 0.44453125 0.44765625 0.0703125 0.0390625
2 0.67734375 0.6171875 0.01328125 0.015625
2 0.51484375 0.4859375 0.05859375 0.03359375
2 0.32578125 0.39296875 0.04609375 0.0140625
2 0.25234375 0.36640625 0.04140625 0.01953125
1 0.209375 0.34375 0.009375 0.0078125
1 0.13046875 0.29765625 0.00859375 0.00703125
2 0.6921875 0.6390625 0.01015625 0.01484375
2 0.15859375 0.634375 0.040625 0.03359375
2 0.18984375 0.6984375 0.01875 0.075
0 0.05234375 0.28671875 0.0078125 0.01171875
0 0.9734375 0.1390625 0.00703125 0.02578125