0 0.446875 0.046875 0.0640625 0.02734375
1 0.52109375 0.1546875 0.01875 0.0140625
0 0.9640625 0.18359375 0.00625 0.02578125
1 0.78671875 0.23671875 0.00625 0.00546875
1 0.7203125 0.53203125 0.00546875 0.0046875
1 0.73359375 0.75625 0.01171875 0.01484375
0 0.3578125 0.97109375 0.01484375 0.00546875
0 0.38359375 0.971875 0.01171875 0.003125
0 0.12890625 0.96875 0.03046875 0.0078125
0 0.0203125 0.28515625 0.01015625 0.01875
0 0.05546875 0.04921875 0.03671875 0.01015625
0 0.01640625 0.0515625 0.003125 0.00859375
1 0.31875 0.15546875 0.0046875 0.0046875
1 0.209375 0.37734375 0.00625 0.00546875
1 0.21171875 0.62734375 0.0203125 0.0125
1 0.421875 0.6265625 0.0046875 0.00546875
1 0.46640625 0.79140625 0.00703125 0.00703125
1 0.2328125 0.80078125 0.00546875 0.00625
1 0.4390625 0.3609375 0.0078125 0.00859375
1 0.5265625 0.5171875 0.003125 0.0046875
1 0.57578125 0.546875 0.0046875 0.00390625