0 0.32421875 0.02265625 0.02734375 0.00703125
0 0.76015625 0.0328125 0.0453125 0.0078125
0 0.85234375 0.03671875 0.0546875 0.01015625
0 0.96875 0.09453125 0.00546875 0.0125
0 0.96953125 0.14375 0.00390625 0.009375
0 0.96875 0.12265625 0.00390625 0.009375
0 0.96953125 0.13203125 0.003125 0.00703125
0 0.96875 0.1140625 0.00390625 0.0078125
0 0.96640625 0.34765625 0.0078125 0.01171875
0 0.9546875 0.85 0.00390625 0.0125
0 0.95390625 0.8703125 0.003125 0.00703125
0 0.95234375 0.8984375 0.003125 0.00859375
0 0.6390625 0.9671875 0.01015625 0.00390625
0 0.6515625 0.9640625 0.01328125 0.01015625
0 0.6625 0.965625 0.0078125 0.00703125
0 0.675 0.96640625 0.015625 0.00546875
1 0.4015625 0.78359375 0.0078125 0.00859375
1 0.60546875 0.759375 0.0046875 0.0046875
1 0.7890625 0.7625 0.00546875 0.00546875
1 0.81953125 0.6359375 0.0125 0.01484375
1 0.83125 0.515625 0.009375 0.009375
1 0.77265625 0.2796875 0.00859375 0.0078125
1 0.60234375 0.12890625 0.0078125 0.00703125
1 0.5546875 0.384375 0.0046875 0.00546875
1 0.2671875 0.62578125 0.00859375 0.0078125
0 0.04453125 0.6328125 0.01015625 0.00703125
0 0.04296875 0.66796875 0.00546875 0.01484375
0 0.04453125 0.64296875 0.0078125 0.009375
0 0.04453125 0.65390625 0.0078125 0.01015625
2 0.0703125 0.62265625 0.06171875 0.009375
2 0.125 0.63359375 0.0421875 0.0140625
2 0.16171875 0.6546875 0.028125 0.02578125
2 0.18203125 0.68984375 0.0125 0.03359375
2 0.19140625 0.73203125 0.009375 0.0359375
2 0.1015625 0.30234375 0.04296875 0.0109375
2 0.14375 0.3203125 0.03125 0.01796875
2 0.18984375 0.34765625 0.05625 0.034375
2 0.2625 0.3828125 0.08125 0.03359375
2 0.36328125 0.42578125 0.115625 0.05
2 0.48359375 0.48515625 0.11328125 0.06640625
2 0.59140625 0.55625 0.0921875 0.075
2 0.68671875 0.67109375 0.08046875 0.140625
1 0.0921875 0.07265625 0.01015625 0.0078125
0 0.0421875 0.02109375 0.00390625 0.00234375
0 0.03984375 0.2953125 0.00546875 0.0078125
1 0.32578125 0.215625 0.0046875 0.00703125