1 0.4578125 0.22578125 0.01484375 0.01328125
1 0.721875 0.23203125 0.009375 0.00859375
1 0.5703125 0.48671875 0.0109375 0.00859375
1 0.8125 0.73359375 0.01015625 0.0109375
1 0.56328125 0.8578125 0.01015625 0.00859375
1 0.27578125 0.6921875 0.01015625 0.00859375
1 0.98203125 0.1734375 0.0078125 0.01875
2 0.0921875 0.36875 0.02265625 0.01171875
2 0.5859375 0.30234375 0.04765625 0.015625
1 0.109375 0.35859375 0.00859375 0.00859375
0 0.04453125 0.03984375 0.0140625 0.0078125
1 0.2921875 0.3296875 0.0046875 0.00546875