0 0.3609375 0.04375 0.04921875 0.0078125
0 0.25625 0.04375 0.009375 0.00546875
0 0.23828125 0.0421875 0.0078125 0.00234375
0 0.1859375 0.04296875 0.00546875 0.003125
0 0.1421875 0.04375 0.00546875 0.003125
0 0.05390625 0.35859375 0.0015625 0.003125
0 0.05390625 0.3359375 0.0015625 0.00390625
0 0.05625 0.11484375 0.0015625 0.00859375
0 0.05546875 0.15390625 0.00078125 0.00390625
0 0.06796875 0.9453125 0.00703125 0.0328125
0 0.5796875 0.96875 0.01015625 0.00546875
1 0.7 0.9515625 0.00234375 0.003125
1 0.71015625 0.96796875 0.00234375 0.0015625
0 0.94296875 0.9640625 0.02421875 0.00703125
1 0.9578125 0.8546875 0.003125 0.00625
1 0.95859375 0.8484375 0.0015625 0.00546875
1 0.959375 0.84375 0.0015625 0.0046875
1 0.959375 0.83828125 0.0015625 0.0046875
1 0.95859375 0.8328125 0.003125 0.00546875
1 0.95859375 0.828125 0.003125 0.00390625
1 0.959375 0.821875 0.003125 0.00703125
2 0.7375 0.07578125 0.0109375 0.05703125
0 0.97890625 0.06015625 0.009375 0.00703125
2 0.671875 0.4203125 0.01875 0.496875
2 0.703125 0.1484375 0.04140625 0.04453125
1 0.32578125 0.371875 0.00625 0.00703125
1 0.25703125 0.7734375 0.00703125 0.00546875