0 0.290625 0.03203125 0.0546875 0.0109375
0 0.34140625 0.028125 0.00859375 0.00625
0 0.9703125 0.02890625 0.00859375 0.00859375
0 0.97109375 0.390625 0.01640625 0.04921875
0 0.96328125 0.809375 0.02265625 0.03984375
0 0.91796875 0.96875 0.01328125 0.00625
0 0.8328125 0.97265625 0.02734375 0.00625
0 0.35390625 0.98046875 0.0328125 0.015625
0 0.04140625 0.8453125 0.00703125 0.02421875
1 0.1421875 0.42734375 0.01484375 0.0171875
1 0.38125 0.284375 0.01015625 0.00859375
1 0.29140625 0.6515625 0.00546875 0.00625
1 0.1890625 0.81796875 0.00703125 0.00625
1 0.51484375 0.77734375 0.0046875 0.0046875
1 0.64296875 0.896875 0.0125 0.01328125
1 0.85 0.8546875 0.0078125 0.00625
1 0.70234375 0.6359375 0.00703125 0.0078125
1 0.5703125 0.53671875 0.00859375 0.0078125
1 0.71328125 0.309375 0.00625 0.00859375
1 0.87578125 0.13203125 0.0125 0.0125
0 0.3609375 0.0265625 0.02109375 0.003125
0 0.97421875 0.04140625 0.00234375 0.00703125