0 0.9578125 0.3453125 0.01953125 0.028125
0 0.7828125 0.021875 0.04296875 0.009375
0 0.88359375 0.95703125 0.0375 0.009375
0 0.1703125 0.97265625 0.0390625 0.00859375
0 0.0546875 0.97109375 0.00859375 0.009375
0 0.22578125 0.02421875 0.046875 0.0078125
1 0.3765625 0.15625 0.01015625 0.0078125
1 0.23359375 0.3203125 0.0078125 0.00859375
1 0.60078125 0.38984375 0.00859375 0.01171875
1 0.31328125 0.4765625 0.0109375 0.0109375
1 0.5140625 0.49296875 0.02265625 0.0171875
1 0.7265625 0.5703125 0.00546875 0.00625
1 0.90390625 0.69375 0.0203125 0.0171875
1 0.5046875 0.64921875 0.00859375 0.00703125
1 0.709375 0.81328125 0.00625 0.009375
1 0.28125 0.73828125 0.00859375 0.00703125
1 0.140625 0.5609375 0.021875 0.0171875
1 0.82734375 0.140625 0.00625 0.00703125
2 0.34296875 0.9296875 0.0140625 0.08125
0 0.34140625 0.97421875 0.0015625 0.0046875