1 0.5203125 0.23359375 0.0140625 0.0125
1 0.85390625 0.278125 0.0140625 0.015625
1 0.546875 0.453125 0.02265625 0.015625
1 0.25546875 0.44375 0.01171875 0.01640625
1 0.46796875 0.67421875 0.0140625 0.01484375
1 0.20859375 0.8 0.01171875 0.0125
0 0.3671875 0.94453125 0.02890625 0.0078125
1 0.50078125 0.8515625 0.009375 0.0140625
0 0.065625 0.23828125 0.0078125 0.01328125
0 0.8578125 0.04609375 0.00703125 0.00546875
0 0.87265625 0.04765625 0.01640625 0.00703125
1 0.890625 0.55234375 0.0203125 0.01796875
2 0.86875 0.8984375 0.13125 0.0484375
0 0.94453125 0.5890625 0.0046875 0.009375
0 0.946875 0.54453125 0.0046875 0.00703125
1 0.7484375 0.853125 0.00390625 0.00546875
1 0.76953125 0.85546875 0.00390625 0.00390625