2 0.17109375 0.15078125 0.06015625 0.0265625
2 0.2328125 0.12734375 0.06171875 0.02265625
1 0.53125 0.39765625 0.015625 0.01484375
1 0.721875 0.38984375 0.009375 0.00859375
1 0.59609375 0.2328125 0.00859375 0.0078125
1 0.81328125 0.20859375 0.01484375 0.015625
1 0.225 0.253125 0.00625 0.00625
1 0.19765625 0.37890625 0.01171875 0.0140625
1 0.1890625 0.49609375 0.00859375 0.01015625
1 0.51484375 0.73828125 0.0125 0.0109375
1 0.44765625 0.62265625 0.0046875 0.00546875
1 0.246875 0.72109375 0.0078125 0.0078125
2 0.1421875 0.71015625 0.02578125 0.053125
2 0.1703125 0.765625 0.0296875 0.0546875
0 0.06796875 0.65546875 0.00859375 0.0125
0 0.0703125 0.8453125 0.00390625 0.0078125
0 0.0703125 0.85625 0.00390625 0.00625
0 0.071875 0.86640625 0.00546875 0.0140625
0 0.07109375 0.878125 0.003125 0.00859375
0 0.07265625 0.88984375 0.0046875 0.01171875
0 0.17578125 0.94140625 0.0390625 0.0078125
0 0.253125 0.94609375 0.02109375 0.00625
0 0.2734375 0.94765625 0.01875 0.00625
0 0.65546875 0.95859375 0.0234375 0.0078125
2 0.6609375 0.859375 0.1796875 0.028125
0 0.90390625 0.9609375 0.00703125 0.0046875
1 0.86875 0.91484375 0.00859375 0.00703125
2 0.81484375 0.675 0.05859375 0.03515625
2 0.73984375 0.63515625 0.071875 0.03203125
2 0.66484375 0.60234375 0.07421875 0.0296875
2 0.59296875 0.571875 0.0671875 0.03203125
2 0.5390625 0.54296875 0.0375 0.02421875
2 0.49453125 0.51640625 0.0484375 0.02734375
2 0.44140625 0.48125 0.04765625 0.0296875
2 0.4 0.4484375 0.0328125 0.034375
2 0.36640625 0.415625 0.03203125 0.0296875
2 0.34296875 0.3890625 0.01328125 0.02265625
2 0.32265625 0.35 0.02421875 0.0421875
2 0.30234375 0.31015625 0.0140625 0.03671875
2 0.28515625 0.26875 0.01875 0.04375
1 0.4 0.25625 0.0046875 0.00625
1 0.40390625 0.86015625 0.00859375 0.00703125
2 0.7203125 0.5234375 0.08046875 0.01328125
2 0.803125 0.53125 0.0828125 0.01796875
0 0.934375 0.3609375 0.01015625 0.03515625
0 0.93359375 0.384375 0.009375 0.00703125
2 0.90234375 0.39296875 0.05078125 0.00859375
2 0.859375 0.38515625 0.0296875 0.0109375
2 0.83125 0.36875 0.0234375 0.02109375
2 0.8109375 0.34375 0.015625 0.02734375
2 0.7984375 0.303125 0.009375 0.05
2 0.7953125 0.2609375 0.0046875 0.0296875
1 0.78046875 0.65546875 0.00703125 0.0078125
0 0.925 0.709375 0.0046875 0.0078125
0 0.06484375 0.1625 0.00390625 0.01171875