1 0.24296875 0.64921875 0.00703125 0.00859375
1 0.78359375 0.60234375 0.0078125 0.0078125
1 0.3640625 0.81171875 0.00703125 0.0078125
2 0.63125 0.9171875 0.00859375 0.07265625
2 0.64375 0.8640625 0.01796875 0.02890625
2 0.31640625 0.9234375 0.01015625 0.059375
2 0.37109375 0.8015625 0.00703125 0.01171875
2 0.43671875 0.61953125 0.009375 0.02578125
2 0.5203125 0.45546875 0.01171875 0.025
2 0.61640625 0.33828125 0.02578125 0.02109375
2 0.334375 0.86640625 0.0203125 0.03671875
2 0.35546875 0.828125 0.0125 0.02421875
2 0.37734375 0.7828125 0.01015625 0.02109375
2 0.38671875 0.759375 0.009375 0.02421875
2 0.35 0.72421875 0.00390625 0.046875
2 0.4046875 0.7140625 0.01015625 0.028125
2 0.41171875 0.68671875 0.003125 0.025
2 0.4171875 0.66875 0.0078125 0.01015625
2 0.42578125 0.64921875 0.00859375 0.025
2 0.44921875 0.59296875 0.015625 0.025
2 0.45859375 0.57265625 0.00703125 0.01328125
2 0.4703125 0.5515625 0.00859375 0.01640625
2 0.4984375 0.4921875 0.0125 0.02265625
2 0.4875 0.51484375 0.00859375 0.01796875
2 0.48203125 0.44296875 0.009375 0.025
2 0.53203125 0.4296875 0.0140625 0.02265625
2 0.55546875 0.4046875 0.02578125 0.02734375
2 0.5765625 0.38046875 0.02109375 0.01875
2 0.59375 0.36015625 0.0140625 0.0171875
2 0.64296875 0.31953125 0.02421875 0.0140625
2 0.66953125 0.30390625 0.02578125 0.015625
2 0.71640625 0.278125 0.0328125 0.02109375
2 0.67109375 0.83671875 0.03515625 0.02421875
2 0.71640625 0.81796875 0.053125 0.0109375
2 0.190625 0.5484375 0.00625 0.028125
0 0.09453125 0.04296875 0.01796875 0.00546875
0 0.1140625 0.0421875 0.01953125 0.00546875
0 0.13828125 0.040625 0.009375 0.0046875
0 0.33828125 0.03515625 0.01171875 0.00859375
0 0.3140625 0.96640625 0.0078125 0.00546875
1 0.3578125 0.52109375 0.003125 0.003125
1 0.36640625 0.04140625 0.00625 0.00546875