1 0.16875 0.1875 0.0171875 0.0234375
1 0.2828125 0.421875 0.009375 0.009375
1 0.5484375 0.53984375 0.0203125 0.025
1 0.73046875 0.446875 0.0125 0.0078125
2 0.68515625 0.6421875 0.11484375 0.05
1 0.884375 0.34296875 0.01953125 0.01640625
1 0.63515625 0.2671875 0.01875 0.02109375
1 0.95546875 0.16484375 0.009375 0.0234375
0 0.65546875 0.04453125 0.04140625 0.0078125
0 0.05625 0.66328125 0.0171875 0.0359375
2 0.2734375 0.62890625 0.0296875 0.146875
1 0.4203125 0.765625 0.01015625 0.01484375
0 0.425 0.9578125 0.0140625 0.0078125
2 0.82265625 0.86875 0.1171875 0.0546875
0 0.9453125 0.8453125 0.009375 0.0203125