2 0.56953125 0.18125 0.11171875 0.05625
2 0.35859375 0.5890625 0.075 0.16640625
2 0.1859375 0.8953125 0.08515625 0.0234375
2 0.7671875 0.64921875 0.00703125 0.2015625
2 0.49375 0.925 0.0453125 0.1078125
2 0.39453125 0.84375 0.1484375 0.0515625
2 0.2734375 0.80703125 0.08984375 0.021875
2 0.21796875 0.73828125 0.01953125 0.115625
0 0.44609375 0.975 0.0203125 0.02109375
0 0.35390625 0.021875 0.04296875 0.01171875
0 0.49609375 0.01640625 0.01640625 0.00546875
1 0.85859375 0.81171875 0.00625 0.00546875
0 0.940625 0.93671875 0.00625 0.065625
0 0.953125 0.87734375 0.0234375 0.0484375
0 0.96484375 0.39296875 0.0109375 0.04296875
2 0.08515625 0.15234375 0.05625 0.1
0 0.03203125 0.12578125 0.00625 0.03359375
0 0.0328125 0.02890625 0.0046875 0.00546875
0 0.03671875 0.40625 0.01171875 0.065625
0 0.040625 0.63359375 0.00703125 0.0265625
0 0.04609375 0.78515625 0.00703125 0.04609375
0 0.05078125 0.909375 0.00390625 0.01640625