1 0.16796875 0.49609375 0.0203125 0.0171875
1 0.21640625 0.3171875 0.01640625 0.009375
1 0.44296875 0.26875 0.0140625 0.015625
1 0.78203125 0.225 0.0140625 0.0140625
0 0.953125 0.1453125 0.01171875 0.03125
0 0.95625 0.16640625 0.00546875 0.01015625
0 0.66640625 0.03125 0.01640625 0.01171875
0 0.68203125 0.02734375 0.0109375 0.00546875
1 0.5421875 0.603125 0.021875 0.02421875
1 0.2953125 0.71015625 0.01953125 0.0140625
1 0.55546875 0.83828125 0.00625 0.0078125
0 0.06328125 0.95234375 0.02109375 0.01953125
0 0.0546875 0.859375 0.01015625 0.03359375
0 0.1078125 0.959375 0.04296875 0.0078125
0 0.03671875 0.25078125 0.00625 0.04140625
1 0.7828125 0.5421875 0.0203125 0.01171875
2 0.7125 0.92890625 0.01953125 0.06953125
2 0.72734375 0.8578125 0.015625 0.071875
2 0.74375 0.79609375 0.015625 0.0484375
2 0.76640625 0.7359375 0.0265625 0.0703125
2 0.78359375 0.66640625 0.01171875 0.06328125
2 0.79140625 0.60546875 0.01328125 0.05546875
2 0.80625 0.54140625 0.02109375 0.0578125
1 0.796875 0.57421875 0.00390625 0.0046875
2 0.82734375 0.4921875 0.01015625 0.02421875
2 0.846875 0.45625 0.0171875 0.028125
2 0.87265625 0.421875 0.0265625 0.02109375
2 0.9015625 0.4046875 0.02890625 0.01328125
2 0.9390625 0.39453125 0.04453125 0.00390625
1 0.81875 0.50859375 0.00625 0.00703125
1 0.896875 0.8078125 0.009375 0.00859375