0 0.5546875 0.03046875 0.0140625 0.0125
0 0.30703125 0.025 0.01328125 0.003125
0 0.12265625 0.02890625 0.0234375 0.00703125
0 0.96640625 0.61328125 0.01015625 0.021875
0 0.96015625 0.79296875 0.00859375 0.01953125
0 0.04609375 0.84453125 0.01015625 0.0328125
0 0.04921875 0.96015625 0.00859375 0.0203125
1 0.1640625 0.86015625 0.01171875 0.0125
1 0.80546875 0.925 0.00390625 0.00546875
1 0.7125 0.68515625 0.00625 0.00546875
1 0.8296875 0.48671875 0.00625 0.00625
1 0.609375 0.4484375 0.00625 0.00625
1 0.403125 0.2625 0.009375 0.0078125
1 0.1578125 0.15390625 0.00859375 0.01015625
1 0.75703125 0.25078125 0.01328125 0.021875
2 0.078125 0.3609375 0.090625 0.0140625
2 0.20078125 0.3734375 0.053125 0.04921875
2 0.24140625 0.4375 0.028125 0.06484375
2 0.26171875 0.50546875 0.015625 0.06796875
2 0.25859375 0.65 0.02265625 0.109375
2 0.29140625 0.74453125 0.05 0.03125
0 0.96015625 0.81484375 0.00625 0.01640625