0 0.975 0.0640625 0.01328125 0.02109375
0 0.97578125 0.0453125 0.009375 0.0125
0 0.978125 0.034375 0.00390625 0.00625
0 0.97890625 0.08125 0.00546875 0.00859375
0 0.5859375 0.01875 0.05234375 0.00859375
0 0.0203125 0.0296875 0.003125 0.0078125
0 0.02109375 0.0390625 0.0046875 0.00703125
1 0.20625 0.20859375 0.0078125 0.00625
0 0.43359375 0.97890625 0.009375 0.0078125
0 0.42109375 0.9796875 0.01484375 0.00625
1 0.71484375 0.76328125 0.00546875 0.00703125
1 0.29921875 0.60390625 0.00546875 0.00546875
0 0.02265625 0.6125 0.0046875 0.0359375
0 0.02421875 0.64765625 0.00546875 0.00859375
0 0.02421875 0.665625 0.00625 0.0265625
2 0.69921875 0.10078125 0.0203125 0.08203125
2 0.66640625 0.1921875 0.0453125 0.0953125
2 0.62734375 0.28359375 0.01953125 0.053125
2 0.60625 0.3609375 0.0234375 0.0921875
2 0.58203125 0.46328125 0.02265625 0.103125
2 0.565625 0.54765625 0.01484375 0.059375
1 0.63984375 0.2484375 0.00859375 0.0140625