2 0.21640625 0.15859375 0.0609375 0.0109375
1 0.2953125 0.253125 0.015625 0.01484375
1 0.4953125 0.23515625 0.009375 0.009375
1 0.64140625 0.3359375 0.0171875 0.0109375
2 0.71953125 0.22421875 0.02109375 0.07265625
2 0.7390625 0.30234375 0.01953125 0.078125
1 0.846875 0.3 0.01328125 0.01328125
0 0.940625 0.44765625 0.009375 0.04375
1 0.67265625 0.690625 0.02109375 0.01953125
2 0.8421875 0.72265625 0.028125 0.07421875
2 0.8046875 0.8015625 0.046875 0.07734375
0 0.596875 0.9609375 0.03359375 0.0109375
0 0.31640625 0.96015625 0.0171875 0.0109375
1 0.26875 0.8359375 0.0125 0.01875
2 0.17421875 0.7921875 0.0140625 0.11328125
1 0.15078125 0.50859375 0.01640625 0.01796875
1 0.35 0.55390625 0.01171875 0.01328125
0 0.05546875 0.3625 0.01015625 0.04140625
1 0.80078125 0.54453125 0.01015625 0.009375
0 0.9203125 0.9421875 0.021875 0.0328125
2 0.90390625 0.90234375 0.0171875 0.03828125
0 0.53203125 0.0421875 0.04609375 0.01328125
0 0.74140625 0.046875 0.01796875 0.0109375
1 0.640625 0.12578125 0.00859375 0.009375
2 0.421875 0.72109375 0.0640625 0.04375
2 0.49609375 0.7546875 0.075 0.0296875