0 0.05390625 0.96796875 0.01015625 0.0125
1 0.15234375 0.840625 0.01796875 0.02109375
1 0.54765625 0.71796875 0.02109375 0.01484375
1 0.5359375 0.51015625 0.0171875 0.01484375
1 0.4609375 0.32421875 0.01953125 0.025
0 0.30078125 0.025 0.015625 0.00859375
0 0.6359375 0.9765625 0.04921875 0.01171875
1 0.85859375 0.76796875 0.0140625 0.009375
1 0.71484375 0.9171875 0.00625 0.00859375
1 0.796875 0.9109375 0.00625 0.00625
0 0.97265625 0.446875 0.0125 0.053125
1 0.9203125 0.11953125 0.01875 0.021875
0 0.909375 0.0375 0.0375 0.015625
0 0.409375 0.0234375 0.01171875 0.009375