0 0.03515625 0.4859375 0.01171875 0.01640625
0 0.03203125 0.5046875 0.00625 0.01796875
0 0.03359375 0.03515625 0.00625 0.03125
0 0.62421875 0.9765625 0.01640625 0.0125
0 0.64296875 0.97578125 0.01640625 0.01328125
0 0.6625 0.98046875 0.01796875 0.00390625
0 0.69609375 0.9796875 0.01015625 0.003125
0 0.6828125 0.98046875 0.00625 0.00234375
0 0.94453125 0.86484375 0.01015625 0.01640625
0 0.95390625 0.6296875 0.0046875 0.00859375
0 0.95859375 0.4125 0.00390625 0.01015625
0 0.95859375 0.45390625 0.00234375 0.0078125
0 0.96015625 0.16015625 0.0015625 0.0078125