1 0.134375 0.18671875 0.01328125 0.0171875
1 0.32734375 0.271875 0.009375 0.0109375
1 0.7171875 0.3265625 0.00625 0.00625
1 0.55703125 0.80390625 0.01484375 0.015625
1 0.15 0.83203125 0.015625 0.01953125
1 0.83359375 0.75 0.00546875 0.00703125
1 0.271875 0.6296875 0.01171875 0.01640625
0 0.0515625 0.70625 0.0078125 0.06015625
0 0.053125 0.76796875 0.0046875 0.01875
1 0.60859375 0.1546875 0.0203125 0.01484375
0 0.75546875 0.03203125 0.0171875 0.0109375
0 0.73671875 0.03203125 0.0171875 0.0109375
0 0.71875 0.02890625 0.01640625 0.0046875
2 0.75859375 0.50390625 0.11640625 0.00859375
2 0.634375 0.4953125 0.10390625 0.009375
2 0.49609375 0.49765625 0.16875 0.0140625
0 0.325 0.95703125 0.0359375 0.01171875
0 0.0671875 0.95546875 0.0140625 0.01328125
0 0.22890625 0.959375 0.00859375 0.00703125
0 0.7171875 0.95234375 0.00859375 0.0046875
0 0.9484375 0.934375 0.015625 0.01953125
1 0.825 0.50703125 0.00859375 0.00546875
1 0.84609375 0.5078125 0.01328125 0.00625
1 0.85859375 0.5078125 0.009375 0.00703125
1 0.87421875 0.5078125 0.01015625 0.00390625
1 0.89140625 0.50703125 0.00703125 0.00546875
1 0.9046875 0.50859375 0.01484375 0.00546875
1 0.91953125 0.50703125 0.00859375 0.0046875
2 0.95 0.50625 0.0265625 0.00625
1 0.34375 0.75546875 0.00703125 0.0078125