0 0.046875 0.1546875 0.009375 0.02109375
1 0.2078125 0.34921875 0.00625 0.00546875
1 0.32578125 0.15625 0.00703125 0.0078125
1 0.59765625 0.246875 0.00859375 0.0140625
0 0.596875 0.04609375 0.015625 0.00703125
1 0.12109375 0.66953125 0.01796875 0.015625
0 0.053125 0.84140625 0.0078125 0.02265625
0 0.346875 0.95546875 0.0203125 0.00546875
0 0.3671875 0.95625 0.01875 0.00546875
1 0.27734375 0.56640625 0.009375 0.00625
1 0.37578125 0.74375 0.01640625 0.01875
1 0.83984375 0.82109375 0.015625 0.01875
0 0.759375 0.95703125 0.0109375 0.0046875
1 0.4640625 0.47578125 0.02109375 0.02421875
1 0.73125 0.59453125 0.01015625 0.01015625
0 0.96875 0.35625 0.015625 0.034375
1 0.84375 0.25078125 0.0078125 0.00703125
1 0.53359375 0.82109375 0.00859375 0.00859375
1 0.228125 0.85703125 0.00625 0.00703125