0 0.50078125 0.03359375 0.01875 0.01015625
0 0.40625 0.03203125 0.01015625 0.00390625
0 0.0390625 0.178125 0.00703125 0.02890625
0 0.0390625 0.20703125 0.0046875 0.02265625
0 0.03984375 0.2546875 0.00546875 0.00625
0 0.03671875 0.075 0.0046875 0.0078125
0 0.0359375 0.05390625 0.00390625 0.0078125
0 0.04453125 0.371875 0.0109375 0.0171875
0 0.04375 0.38515625 0.0078125 0.0078125
0 0.0953125 0.97265625 0.00546875 0.00625
0 0.45390625 0.96640625 0.015625 0.0109375
0 0.46875 0.965625 0.01171875 0.01171875
0 0.48046875 0.96640625 0.01015625 0.009375
0 0.48984375 0.96796875 0.00625 0.00546875
2 0.921875 0.29296875 0.0390625 0.01171875
2 0.87109375 0.28671875 0.0609375 0.01171875
0 0.93125 0.128125 0.009375 0.0078125
0 0.93359375 0.1109375 0.0046875 0.021875
1 0.22890625 0.7625 0.00703125 0.00625
1 0.56953125 0.58046875 0.00703125 0.00703125
0 0.4875 0.03203125 0.0078125 0.00546875
0 0.47890625 0.03046875 0.0078125 0.00390625