1 0.23984375 0.17890625 0.01015625 0.009375
1 0.4203125 0.340625 0.00546875 0.00625
1 0.134375 0.63984375 0.00703125 0.00703125
1 0.1296875 0.88671875 0.00546875 0.00625
1 0.46953125 0.71796875 0.00703125 0.0078125
1 0.734375 0.8609375 0.01015625 0.0109375
1 0.71875 0.6125 0.00703125 0.00703125
1 0.6125 0.259375 0.00859375 0.00859375
0 0.78515625 0.03828125 0.02890625 0.01484375
0 0.89375 0.03984375 0.025 0.01171875
0 0.94453125 0.14375 0.02109375 0.009375
0 0.94765625 0.3984375 0.0109375 0.02421875
2 0.8796875 0.1375 0.10078125 0.01953125
2 0.73046875 0.14921875 0.1890625 0.03046875
2 0.565625 0.18515625 0.0828125 0.03359375
2 0.36796875 0.42421875 0.02890625 0.09375
2 0.35390625 0.63671875 0.0171875 0.321875
2 0.4359375 0.284375 0.05 0.0609375
2 0.49296875 0.22734375 0.0609375 0.0484375
0 0.95 0.12734375 0.00859375 0.021875
0 0.95 0.15390625 0.00859375 0.01015625
2 0.3953125 0.34765625 0.03046875 0.05625