0 0.57890625 0.03515625 0.02578125 0.0078125
1 0.29140625 0.259375 0.00546875 0.00703125
0 0.97265625 0.35703125 0.00625 0.03515625
0 0.9734375 0.4046875 0.00546875 0.0359375
0 0.425 0.97421875 0.0328125 0.00703125
0 0.44921875 0.97578125 0.0140625 0.00390625
0 0.0609375 0.93828125 0.0140625 0.0203125
0 0.06015625 0.9609375 0.01171875 0.0234375
0 0.05703125 0.9234375 0.00546875 0.00859375
1 0.70390625 0.415625 0.00546875 0.0046875
1 0.5109375 0.71484375 0.00625 0.0078125
1 0.790625 0.79296875 0.00703125 0.0046875
2 0.33046875 0.875 0.01875 0.0703125
2 0.36015625 0.79921875 0.0296875 0.0578125
2 0.41171875 0.69296875 0.06171875 0.1234375
2 0.45390625 0.42421875 0.02421875 0.10625
2 0.3328125 0.33515625 0.0671875 0.0953125
1 0.37578125 0.7625 0.0078125 0.0125
1 0.34375 0.834375 0.00703125 0.0109375
1 0.321875 0.915625 0.00546875 0.0109375
2 0.40390625 0.42890625 0.06796875 0.08515625
2 0.48125 0.321875 0.0328125 0.09375
2 0.425 0.55546875 0.03203125 0.14375
1 0.53125 0.9296875 0.00703125 0.0078125