1 0.45625 0.45390625 0.021875 0.0140625
1 0.1875 0.2234375 0.04140625 0.0296875
1 0.17890625 0.640625 0.015625 0.015625
0 0.04296875 0.59375 0.0125 0.0234375
0 0.04375 0.29921875 0.015625 0.03984375
0 0.053125 0.046875 0.02734375 0.0078125
0 0.40234375 0.04296875 0.02421875 0.01328125
0 0.7453125 0.0453125 0.02265625 0.0140625
0 0.8625 0.0453125 0.03203125 0.00703125
0 0.9609375 0.2875 0.00703125 0.009375
0 0.93984375 0.890625 0.01328125 0.02421875
1 0.7875 0.80390625 0.02578125 0.02578125
0 0.58984375 0.95 0.04921875 0.0078125
0 0.428125 0.94765625 0.0421875 0.0078125
1 0.7578125 0.20234375 0.04609375 0.034375
0 0.953125 0.04609375 0.0234375 0.00546875
2 0.5171875 0.20234375 0.3296875 0.07734375
2 0.54921875 0.61484375 0.0515625 0.16171875
2 0.18828125 0.80859375 0.103125 0.06875
2 0.82890625 0.85078125 0.0390625 0.128125
0 0.05625 0.93203125 0.02109375 0.009375
0 0.0484375 0.9171875 0.00859375 0.0203125
1 0.43359375 0.4859375 0.00625 0.00859375