0 0.0734375 0.65234375 0.0171875 0.03828125
2 0.28515625 0.61953125 0.02734375 0.14765625
1 0.428125 0.75625 0.01171875 0.01796875
1 0.55546875 0.534375 0.021875 0.02578125
1 0.29609375 0.41484375 0.0125 0.01171875
2 0.6578125 0.65 0.0578125 0.02421875
2 0.71640625 0.62578125 0.05546875 0.0265625
1 0.6828125 0.840625 0.01015625 0.01015625
0 0.43046875 0.9453125 0.01640625 0.00703125
0 0.93984375 0.83984375 0.01015625 0.02109375
1 0.8859375 0.3421875 0.0203125 0.01796875
1 0.64296875 0.2671875 0.01796875 0.025
0 0.95703125 0.16796875 0.00859375 0.025
0 0.6640625 0.04609375 0.04140625 0.00859375
1 0.1859375 0.1828125 0.01796875 0.021875
1 0.4890625 0.18359375 0.0109375 0.01015625
1 0.734375 0.44453125 0.01171875 0.00859375
1 0.7890625 0.15 0.00625 0.00703125