0 0.3625 0.94453125 0.03984375 0.02734375
1 0.28046875 0.75703125 0.00703125 0.0078125
1 0.7328125 0.74375 0.0109375 0.00859375
1 0.2203125 0.4296875 0.01015625 0.01015625
1 0.4078125 0.60078125 0.00625 0.0078125
1 0.4328125 0.2578125 0.00703125 0.00859375
0 0.04375 0.27734375 0.0078125 0.0515625
1 0.83515625 0.3046875 0.00859375 0.00859375
1 0.640625 0.35390625 0.00703125 0.00859375
0 0.94453125 0.93984375 0.015625 0.02109375
1 0.1390625 0.125 0.00859375 0.0078125
1 0.5828125 0.153125 0.0046875 0.00546875
0 0.34921875 0.028125 0.00859375 0.0046875
0 0.359375 0.02734375 0.00625 0.0046875
0 0.309375 0.028125 0.01328125 0.0046875