1 0.23203125 0.153125 0.00859375 0.0078125
1 0.29296875 0.340625 0.01328125 0.01875
1 0.18515625 0.52734375 0.00703125 0.00625
1 0.33671875 0.7328125 0.01015625 0.0078125
1 0.60390625 0.84765625 0.0046875 0.00625
0 0.64375 0.9765625 0.02734375 0.0109375
0 0.5609375 0.978125 0.03203125 0.00703125
1 0.8859375 0.91640625 0.0046875 0.0046875
0 0.96640625 0.80703125 0.00859375 0.0265625
1 0.79765625 0.65859375 0.0078125 0.0078125
1 0.7625 0.4421875 0.01328125 0.0125
0 0.984375 0.33203125 0.00703125 0.0171875
1 0.871875 0.15859375 0.01640625 0.01796875
0 0.94609375 0.04609375 0.01171875 0.00859375
0 0.8546875 0.0390625 0.0171875 0.00390625
0 0.440625 0.0296875 0.03125 0.01171875
0 0.35234375 0.0234375 0.01484375 0.003125
0 0.04609375 0.965625 0.00859375 0.00625
0 0.06484375 0.9671875 0.021875 0.00390625
0 0.0390625 0.64296875 0.009375 0.02734375
0 0.0359375 0.45 0.00703125 0.0125
0 0.03671875 0.42421875 0.0078125 0.0125
0 0.03671875 0.29765625 0.00546875 0.02734375
0 0.03515625 0.2765625 0.0015625 0.00703125
0 0.03984375 0.10078125 0.0046875 0.01484375
0 0.109375 0.0234375 0.02890625 0.003125
0 0.346875 0.97734375 0.0078125 0.0046875
1 0.58828125 0.5171875 0.0078125 0.00625
1 0.6609375 0.1453125 0.00546875 0.0078125