1 0.346875 0.51875 0.0109375 0.0078125
1 0.23203125 0.30546875 0.0078125 0.00859375
2 0.41484375 0.08203125 0.01875 0.03125
1 0.1859375 0.79609375 0.009375 0.00859375
1 0.6046875 0.7859375 0.0140625 0.01171875
1 0.78203125 0.62421875 0.00859375 0.0078125
1 0.66796875 0.4921875 0.0109375 0.00859375
1 0.75546875 0.27578125 0.0078125 0.0078125
2 0.91640625 0.75625 0.12421875 0.03203125
0 0.74765625 0.975 0.01796875 0.00859375
2 0.821875 0.78671875 0.065625 0.02578125
1 0.4671875 0.1015625 0.00859375 0.009375
1 0.5125 0.3125 0.00546875 0.00625
1 0.6546875 0.4609375 0.0046875 0.00390625
1 0.77109375 0.79140625 0.00390625 0.003125