0 0.51640625 0.02578125 0.03984375 0.0109375
1 0.509375 0.88828125 0.00546875 0.00703125
1 0.50390625 0.9359375 0.0046875 0.0109375
0 0.471875 0.971875 0.00703125 0.00625
0 0.54921875 0.971875 0.0484375 0.00703125
0 0.725 0.9734375 0.01328125 0.0046875
0 0.9109375 0.0265625 0.03671875 0.0078125
0 0.96015625 0.96484375 0.0078125 0.01328125
1 0.5015625 0.9484375 0.003125 0.00390625
1 0.5140625 0.8390625 0.00390625 0.0078125
1 0.51328125 0.846875 0.00390625 0.0078125
1 0.51953125 0.67734375 0.003125 0.0046875