2 0.5234375 0.86171875 0.025 0.1796875
2 0.5015625 0.72890625 0.01796875 0.084375
2 0.47734375 0.609375 0.025 0.08984375
2 0.45 0.54453125 0.02890625 0.04296875
2 0.42421875 0.434375 0.01484375 0.1203125
2 0.4140625 0.28359375 0.0140625 0.17890625
2 0.41640625 0.159375 0.00703125 0.04609375
2 0.4203125 0.0734375 0.00625 0.09453125
1 0.4109375 0.1890625 0.00625 0.00859375
1 0.41796875 0.12890625 0.00546875 0.01328125
1 0.43359375 0.50078125 0.00546875 0.0109375
2 0.48984375 0.6703125 0.0078125 0.03046875
1 0.53828125 0.715625 0.015625 0.0171875
1 0.2421875 0.61796875 0.00625 0.00703125
1 0.7109375 0.1859375 0.01171875 0.0109375
2 0.86171875 0.16640625 0.0125 0.125
2 0.7671875 0.48671875 0.1671875 0.06171875
2 0.75234375 0.77109375 0.11640625 0.034375
1 0.80390625 0.67890625 0.0125 0.0125
1 0.7484375 0.60703125 0.00625 0.00546875
1 0.765625 0.84453125 0.00546875 0.00546875
0 0.59296875 0.95 0.00859375 0.003125
0 0.94921875 0.03203125 0.02734375 0.00546875
0 0.51796875 0.0296875 0.046875 0.01171875
0 0.3875 0.95 0.0078125 0.0046875
0 0.16171875 0.94453125 0.01640625 0.01015625
2 0.25546875 0.790625 0.0890625 0.00859375
2 0.21953125 0.37421875 0.04609375 0.10859375
1 0.18359375 0.23984375 0.00625 0.00546875
0 0.05078125 0.6359375 0.01171875 0.0328125
1 0.23984375 0.44453125 0.0046875 0.00546875
2 0.246875 0.4390625 0.00703125 0.021875