0 0.1609375 0.04140625 0.03046875 0.00859375
0 0.4234375 0.0359375 0.0078125 0.00546875
0 0.63203125 0.03671875 0.01171875 0.00390625
0 0.64765625 0.0390625 0.0140625 0.0078125
0 0.65859375 0.0390625 0.00625 0.00703125
0 0.66875 0.0390625 0.01171875 0.00625
0 0.94609375 0.05859375 0.009375 0.0140625
0 0.946875 0.0765625 0.0078125 0.01953125
0 0.94921875 0.69140625 0.00546875 0.01953125
0 0.94765625 0.7125 0.0078125 0.0203125
1 0.76640625 0.71796875 0.02109375 0.0234375
1 0.2015625 0.83984375 0.0046875 0.00703125
1 0.2796875 0.64453125 0.00625 0.00546875
0 0.04765625 0.4234375 0.01328125 0.01953125
2 0.16015625 0.059375 0.06015625 0.01171875
2 0.23359375 0.0515625 0.084375 0.009375
1 0.30390625 0.26015625 0.02109375 0.01953125
1 0.46171875 0.3734375 0.00625 0.0046875
1 0.61171875 0.25859375 0.009375 0.009375
1 0.8078125 0.21328125 0.00625 0.00703125
1 0.72578125 0.3828125 0.00859375 0.00859375
1 0.8453125 0.48984375 0.01640625 0.01484375
1 0.6921875 0.5296875 0.00703125 0.01015625
1 0.5140625 0.7640625 0.0078125 0.00859375
1 0.334375 0.43515625 0.0046875 0.00703125