1 0.29765625 0.48828125 0.00703125 0.00703125
1 0.36875 0.13359375 0.00625 0.00703125
1 0.1609375 0.765625 0.01015625 0.00859375
1 0.40625 0.74375 0.00703125 0.00625
1 0.7484375 0.62890625 0.01015625 0.0078125
0 0.61640625 0.9703125 0.0203125 0.01171875
0 0.8640625 0.959375 0.04140625 0.01953125
0 0.95703125 0.91171875 0.009375 0.03828125
1 0.66875 0.43203125 0.00625 0.00546875
1 0.825 0.24453125 0.00859375 0.01015625
1 0.11875 0.128125 0.0078125 0.00625
2 0.1015625 0.8453125 0.09296875 0.034375
2 0.86328125 0.88671875 0.015625 0.12109375
2 0.85390625 0.7375 0.0234375 0.17109375
2 0.8140625 0.58359375 0.05625 0.13515625
2 0.7296875 0.465625 0.11015625 0.10078125
2 0.6015625 0.3875 0.14609375 0.05078125
2 0.35390625 0.3671875 0.340625 0.01484375
0 0.22265625 0.0390625 0.0078125 0.00625