2 0.7328125 0.25234375 0.03828125 0.14296875
1 0.51875 0.2234375 0.01171875 0.015625
1 0.321875 0.465625 0.01484375 0.0109375
2 0.53359375 0.6953125 0.02421875 0.084375
2 0.50625 0.78359375 0.028125 0.0875
1 0.6421875 0.6390625 0.01953125 0.01484375
1 0.34765625 0.82890625 0.01328125 0.009375
0 0.3140625 0.95859375 0.028125 0.0109375
0 0.65859375 0.95390625 0.0359375 0.009375
0 0.634375 0.95703125 0.0109375 0.00703125
0 0.0484375 0.62734375 0.01171875 0.034375
1 0.4828125 0.60859375 0.00703125 0.01015625
0 0.94453125 0.52734375 0.01796875 0.0390625
0 0.94921875 0.5578125 0.009375 0.01640625
1 0.7796875 0.26171875 0.01640625 0.01171875
1 0.109375 0.31484375 0.0125 0.015625
1 0.403125 0.3421875 0.00703125 0.00859375
1 0.25 0.18828125 0.00625 0.00703125
0 0.2328125 0.05625 0.03203125 0.00859375
1 0.68359375 0.4625 0.0109375 0.0109375
1 0.21640625 0.68359375 0.00625 0.00703125