1 0.42578125 0.246875 0.00390625 0.00625
1 0.4453125 0.34375 0.0109375 0.0265625
1 0.5 0.56484375 0.0046875 0.00546875
0 0.9609375 0.51796875 0.0109375 0.03984375
0 0.05234375 0.03125 0.00703125 0.0046875
2 0.434375 0.2921875 0.01875 0.07421875
2 0.41796875 0.196875 0.01796875 0.0796875
2 0.409375 0.08203125 0.0109375 0.125
1 0.4109375 0.14921875 0.00703125 0.00703125
2 0.45859375 0.39765625 0.0171875 0.0734375
2 0.4859375 0.5 0.03046875 0.121875
2 0.534375 0.6734375 0.06953125 0.20703125
2 0.64375 0.79296875 0.14609375 0.0328125
2 0.76328125 0.8 0.08515625 0.01953125
1 0.865625 0.0703125 0.00546875 0.0046875