2 0.096875 0.384375 0.0734375 0.01484375
2 0.17265625 0.35703125 0.03046875 0.01015625
2 0.32734375 0.3359375 0.02734375 0.009375
2 0.5859375 0.30625 0.0453125 0.01328125
2 0.7015625 0.37578125 0.00703125 0.0140625
1 0.1390625 0.3734375 0.009375 0.0078125
2 0.21171875 0.35078125 0.03203125 0.00625
2 0.2546875 0.3453125 0.04453125 0.00703125
2 0.29296875 0.34140625 0.02890625 0.00703125
1 0.3109375 0.33984375 0.00390625 0.0046875
2 0.3796875 0.328125 0.04375 0.01015625
0 0.0671875 0.04609375 0.01171875 0.00625
0 0.078125 0.04453125 0.00859375 0.00390625
0 0.94921875 0.16875 0.00546875 0.02109375
0 0.95078125 0.25234375 0.003125 0.009375