0 0.040625 0.25390625 0.0109375 0.0171875
1 0.290625 0.128125 0.01640625 0.01328125
1 0.33125 0.3546875 0.0125 0.0203125
1 0.26015625 0.73515625 0.01015625 0.0109375
0 0.05234375 0.8078125 0.00625 0.01875
0 0.05625 0.9171875 0.00546875 0.009375
0 0.3703125 0.9828125 0.03828125 0.009375
1 0.51328125 0.8828125 0.0171875 0.0171875
1 0.5546875 0.66875 0.0125 0.01328125
1 0.84140625 0.75625 0.01953125 0.01328125
0 0.65625 0.98203125 0.009375 0.00625
0 0.9703125 0.70390625 0.01015625 0.0203125
0 0.96015625 0.971875 0.0140625 0.009375
0 0.97265625 0.39296875 0.0109375 0.03671875
0 0.97578125 0.4921875 0.00703125 0.02734375
1 0.6921875 0.31328125 0.01953125 0.02109375
2 0.91640625 0.03828125 0.0421875 0.03203125
0 0.725 0.01484375 0.03203125 0.00546875
2 0.96484375 0.10234375 0.00703125 0.02734375
0 0.939178090625 0.026310273437499997 0.9585664265625 0.0366861546875 0.9726185218750001 0.037983140625 0.9724406468750001 0.0172313765625 0.938822340625 0.01519325625 0.939178090625 0.026310273437499997
0 0.06015625 0.98125 0.00546875 0.009375