0 0.03046875 0.6421875 0.01171875 0.0375
1 0.18125 0.81953125 0.0125 0.01328125
1 0.51796875 0.21640625 0.01484375 0.009375
1 0.23125 0.440625 0.0109375 0.015625
1 0.4609375 0.68671875 0.01484375 0.015625
0 0.02578125 0.221875 0.0078125 0.01640625
1 0.88046875 0.2640625 0.0125 0.0171875
0 0.8859375 0.01484375 0.00859375 0.00703125
0 0.9015625 0.0171875 0.0171875 0.0078125
1 0.9203125 0.55703125 0.021875 0.01796875
0 0.97890625 0.5921875 0.00625 0.01796875
2 0.85078125 0.9125 0.0515625 0.02109375
0 0.09375 0.96640625 0.02421875 0.009375
0 0.353125 0.971875 0.03203125 0.009375
1 0.49765625 0.8734375 0.0109375 0.015625
1 0.54609375 0.4515625 0.02890625 0.02109375
2 0.9375 0.9390625 0.0390625 0.01796875
2 0.896875 0.92734375 0.03515625 0.0109375
1 0.7640625 0.8765625 0.00546875 0.00703125
1 0.7875 0.87890625 0.0046875 0.0046875
1 0.81796875 0.88125 0.00390625 0.003125
0 0.98046875 0.54921875 0.0046875 0.009375