1 0.525 0.21640625 0.0125 0.0171875
1 0.79375 0.25390625 0.0140625 0.01484375
1 0.32265625 0.459375 0.01484375 0.0140625
1 0.35 0.82265625 0.01484375 0.01015625
1 0.65234375 0.63203125 0.02265625 0.01796875
1 0.1046875 0.3078125 0.01328125 0.01953125
0 0.41015625 0.04296875 0.03515625 0.0078125
0 0.22890625 0.0484375 0.040625 0.0125
0 0.04140625 0.62109375 0.01171875 0.0359375
0 0.31484375 0.95390625 0.02734375 0.0109375
0 0.66953125 0.9484375 0.0375 0.0125
0 0.96328125 0.5296875 0.0203125 0.0609375
2 0.76780173125 0.3050339609375 0.75824189375 0.2786811828125 0.7365262609375 0.1721525953125 0.7240542140625 0.175396309375 0.757223265625 0.3232994390625 0.773320909375 0.3191897 0.76780173125 0.3050339609375
1 0.2484375 0.1828125 0.00703125 0.00859375
0 0.64453125 0.9515625 0.01015625 0.00703125
2 0.540625 0.6875 0.02734375 0.08359375
2 0.5125 0.7765625 0.03203125 0.0890625
2 0.1421875 0.58203125 0.0140625 0.14140625
1 0.69609375 0.45546875 0.0140625 0.0109375
1 0.40625 0.33515625 0.009375 0.00859375
1 0.4890625 0.6015625 0.009375 0.0109375
1 0.2140625 0.67734375 0.00859375 0.009375