0 0.15703125 0.05078125 0.034375 0.0125
1 0.30546875 0.30390625 0.01640625 0.021875
1 0.5203125 0.17734375 0.01796875 0.0203125
1 0.69296875 0.23125 0.01015625 0.0125
1 0.7359375 0.46015625 0.0140625 0.01328125
1 0.4109375 0.55546875 0.02109375 0.02109375
1 0.7703125 0.79375 0.0125 0.01484375
1 0.7453125 0.07734375 0.00625 0.0078125
0 0.9578125 0.68828125 0.01171875 0.0296875
0 0.8375 0.9578125 0.040625 0.01328125
2 0.60078125 0.928125 0.02265625 0.075
2 0.5578125 0.86328125 0.071875 0.05234375
2 0.4546875 0.815625 0.1328125 0.04140625