0 0.1203125 0.02265625 0.040625 0.009375
0 0.146875 0.01796875 0.01015625 0.003125
0 0.16484375 0.0171875 0.00625 0.00234375
0 0.04453125 0.02578125 0.009375 0.01015625
0 0.05625 0.0234375 0.0125 0.0046875
0 0.071875 0.02109375 0.01796875 0.003125
0 0.08828125 0.01953125 0.0140625 0.00234375
1 0.103125 0.30546875 0.01953125 0.01875
0 0.05625 0.665625 0.01953125 0.0265625
1 0.4109375 0.621875 0.0078125 0.009375
1 0.775 0.69375 0.00625 0.00625
1 0.63203125 0.853125 0.00859375 0.00703125
0 0.790625 0.98046875 0.01484375 0.00703125
0 0.76875 0.98125 0.028125 0.0078125
0 0.225 0.984375 0.0125 0.0046875
0 0.24453125 0.98359375 0.0265625 0.0078125
1 0.19140625 0.86796875 0.0046875 0.00546875
1 0.30859375 0.821875 0.0015625 0.00234375
1 0.28359375 0.43671875 0.00390625 0.00546875
1 0.4984375 0.5171875 0.02109375 0.01796875
1 0.6984375 0.5359375 0.009375 0.01015625
1 0.50859375 0.35625 0.00859375 0.00625
1 0.73671875 0.265625 0.0078125 0.00703125
1 0.30078125 0.18046875 0.00625 0.00859375
0 0.8484375 0.015625 0.01953125 0.00703125
0 0.86953125 0.0171875 0.01953125 0.009375
0 0.978125 0.02109375 0.00859375 0.01015625
0 0.95625 0.0171875 0.00546875 0.003125
2 0.678125 0.03984375 0.0125 0.0609375
2 0.68359375 0.09140625 0.0078125 0.03203125
2 0.721875 0.18828125 0.03203125 0.0515625
0 0.6046875 0.0109375 0.01875 0.003125