0 0.215625 0.0203125 0.0171875 0.00546875
0 0.52578125 0.02109375 0.03515625 0.0109375
0 0.1078125 0.021875 0.0078125 0.0046875
0 0.04453125 0.0234375 0.0078125 0.00390625
0 0.0453125 0.35859375 0.009375 0.040625
0 0.04921875 0.6578125 0.0046875 0.00859375
0 0.0625 0.97109375 0.00859375 0.01484375
0 0.315625 0.97734375 0.01953125 0.01015625
0 0.33671875 0.9796875 0.01171875 0.0046875
0 0.51171875 0.98046875 0.025 0.00390625
0 0.60234375 0.9765625 0.0328125 0.009375
0 0.93203125 0.95625 0.02109375 0.03359375
0 0.94765625 0.728125 0.00390625 0.02734375
0 0.95234375 0.4421875 0.00703125 0.04453125
0 0.74453125 0.02421875 0.0140625 0.01015625
0 0.9546875 0.10390625 0.003125 0.0296875
1 0.85546875 0.28828125 0.0125 0.01328125
1 0.2890625 0.24375 0.0171875 0.0140625
1 0.14375 0.5109375 0.0140625 0.01640625
1 0.64453125 0.32734375 0.0171875 0.01015625
1 0.51953125 0.4953125 0.00625 0.00625
1 0.34765625 0.55625 0.01171875 0.0109375
1 0.678125 0.696875 0.01875 0.0171875
1 0.80859375 0.54296875 0.0078125 0.0078125
1 0.26640625 0.8484375 0.0109375 0.01796875
0 0.95390625 0.41171875 0.003125 0.009375
2 0.9203125 0.91875 0.0234375 0.04140625