0 0.46796875 0.04140625 0.065625 0.0296875
1 0.4546875 0.3546875 0.00625 0.0109375
0 0.08125 0.03515625 0.0375 0.0125
0 0.03984375 0.27109375 0.0109375 0.02109375
0 0.1296875 0.95546875 0.03046875 0.009375
1 0.23828125 0.78984375 0.00546875 0.00703125
1 0.225 0.365625 0.00625 0.00703125
1 0.8046875 0.2375 0.00546875 0.00546875
1 0.73125 0.53203125 0.0046875 0.00625
0 0.98359375 0.1875 0.0078125 0.0234375
1 0.46953125 0.7859375 0.00859375 0.00859375
0 0.35703125 0.9640625 0.01640625 0.009375
1 0.43125 0.6203125 0.00703125 0.00625
1 0.3390625 0.14609375 0.00625 0.00546875