2 0.55546875 0.3015625 0.00859375 0.175
1 0.49609375 0.478125 0.01484375 0.0109375
1 0.33671875 0.30078125 0.00859375 0.0078125
1 0.66328125 0.39765625 0.00703125 0.00546875
1 0.24453125 0.6609375 0.009375 0.00859375
1 0.371875 0.790625 0.0125 0.01171875
1 0.7015625 0.67265625 0.01484375 0.009375
2 0.83203125 0.7640625 0.125 0.0625
1 0.86796875 0.5359375 0.01328125 0.01484375
0 0.9265625 0.93515625 0.0375 0.00625
0 0.97109375 0.45859375 0.01015625 0.02578125
0 0.84375 0.05625 0.01875 0.0125
1 0.1140625 0.390625 0.0109375 0.01015625
2 0.1234375 0.5359375 0.15703125 0.06484375
0 0.2578125 0.0515625 0.03359375 0.009375