2 0.51875 0.35 0.146875 0.0390625
1 0.5140625 0.5078125 0.01328125 0.015625
1 0.25234375 0.55 0.0140625 0.01328125
1 0.42109375 0.69296875 0.00625 0.00625
1 0.40234375 0.84453125 0.01484375 0.015625
2 0.55546875 0.70390625 0.171875 0.04140625
1 0.68984375 0.69375 0.00703125 0.01171875
1 0.70390625 0.38671875 0.00703125 0.00546875
1 0.50703125 0.265625 0.0109375 0.015625
1 0.26953125 0.2 0.0140625 0.02109375
1 0.7828125 0.16171875 0.0203125 0.02421875
1 0.8796875 0.49765625 0.0140625 0.009375
0 0.94609375 0.7890625 0.01015625 0.01953125
0 0.75859375 0.9328125 0.0296875 0.01328125
0 0.8640625 0.04453125 0.034375 0.01171875
0 0.453125 0.04921875 0.03515625 0.015625
0 0.0390625 0.0703125 0.0140625 0.03125
1 0.21796875 0.38515625 0.00625 0.0078125
1 0.21015625 0.740625 0.009375 0.0046875
0 0.190625 0.94921875 0.03203125 0.0109375
1 0.59296875 0.77265625 0.00390625 0.003125