1 0.371875 0.73046875 0.01015625 0.0109375
1 0.57265625 0.65390625 0.00625 0.00703125
1 0.52265625 0.278125 0.00859375 0.01015625
1 0.26015625 0.38359375 0.0078125 0.0109375
1 0.8890625 0.10546875 0.0078125 0.00859375
2 0.0703125 0.84375 0.0671875 0.01796875
2 0.6453125 0.33515625 0.00703125 0.05234375
2 0.6484375 0.446875 0.01015625 0.05390625
2 0.64296875 0.52109375 0.01796875 0.084375
2 0.6484375 0.38984375 0.00546875 0.05390625
2 0.64609375 0.27890625 0.00859375 0.05234375
2 0.64453125 0.2171875 0.00859375 0.04609375