2 0.221875 0.2671875 0.096875 0.01484375
1 0.44140625 0.23984375 0.028125 0.0203125
1 0.65 0.31640625 0.01171875 0.0109375
1 0.8359375 0.30859375 0.01875 0.015625
0 0.94375 0.3234375 0.0109375 0.03046875
0 0.94140625 0.35234375 0.0125 0.02578125
1 0.79453125 0.56328125 0.0109375 0.009375
1 0.76171875 0.75390625 0.009375 0.009375
0 0.59765625 0.96328125 0.009375 0.00703125
0 0.609375 0.96015625 0.01171875 0.0109375
0 0.62578125 0.9625 0.01796875 0.00703125
2 0.4296875 0.83125 0.009375 0.08984375
1 0.1796875 0.746875 0.01796875 0.01953125
1 0.4765625 0.6890625 0.01328125 0.01796875
0 0.13359375 0.9625 0.0234375 0.00859375
0 0.090625 0.96171875 0.01015625 0.0078125
0 0.52578125 0.0421875 0.03671875 0.01171875
0 0.91953125 0.0484375 0.01328125 0.00625
0 0.93671875 0.05625 0.01875 0.02109375
1 0.28203125 0.23671875 0.00546875 0.00625
1 0.59765625 0.84609375 0.00625 0.00703125
1 0.546875 0.52265625 0.00859375 0.00703125
1 0.71171875 0.14296875 0.00625 0.00625
1 0.75078125 0.09296875 0.00546875 0.00546875
1 0.321875 0.79375 0.00546875 0.00546875
1 0.34765625 0.54609375 0.00390625 0.00546875