2 0.5421717765625 0.47189366875000005 0.5302074078125 0.4653953609375 0.4537585375 0.612551953125 0.46187147343749996 0.6220459140625 0.5421717765625 0.47189366875000005
2 0.7279227359375 0.04399359375 0.7214808609375 0.0433865265625 0.752103609375 0.127226234375 0.7571237187500001 0.12537567031250002 0.7279227359375 0.04399359375
2 0.3078125 0.115625 0.11953125 0.009375
0 0.6 0.04609375 0.03671875 0.00859375
0 0.95078125 0.6703125 0.00625 0.02890625
0 0.68125 0.94921875 0.009375 0.009375
0 0.171875 0.9484375 0.03671875 0.00859375
1 0.23046875 0.4671875 0.009375 0.00703125
1 0.175 0.7171875 0.01484375 0.0171875
2 0.34009110468750003 0.894037478125 0.2109506578125 0.8733243859375 0.208430640625 0.8799772671874999 0.33740929999999997 0.902615621875 0.34009110468750003 0.894037478125
1 0.4171875 0.76953125 0.00703125 0.00625
2 0.87421875 0.7921875 0.00625 0.075
1 0.83203125 0.559375 0.0140625 0.0109375
1 0.65 0.3453125 0.00859375 0.00703125
1 0.8546875 0.1890625 0.01328125 0.0140625
0 0.7078125 0.95078125 0.0421875 0.00625
0 0.66484375 0.9515625 0.00546875 0.00546875
2 0.8075114062500001 0.8688163171875001 0.5854343734375 0.655052975 0.576082771875 0.6607545499999999 0.6322724390625 0.729583475 0.8010510203125 0.877006484375 0.8075114062500001 0.8688163171875001