1 0.45625 0.37578125 0.00703125 0.0078125
1 0.325 0.43828125 0.00546875 0.00625
1 0.6953125 0.53984375 0.00859375 0.01015625
1 0.50703125 0.78125 0.009375 0.00859375
1 0.265625 0.6546875 0.0078125 0.0078125
1 0.8125 0.85078125 0.00546875 0.0046875
0 0.9609375 0.72578125 0.0078125 0.0390625
1 0.81875 0.21328125 0.00703125 0.0078125
0 0.9671875 0.04921875 0.00546875 0.0046875
0 0.6578125 0.03203125 0.05 0.009375
0 0.42109375 0.02578125 0.00859375 0.00546875
0 0.15 0.02890625 0.0296875 0.01015625
2 0.18828125 0.0453125 0.14140625 0.01875
2 0.03359375 0.12109375 0.0125 0.0046875
2 0.03515625 0.07265625 0.015625 0.00390625
2 0.0359375 0.33828125 0.02109375 0.00546875
2 0.03359375 0.36171875 0.01484375 0.00390625
2 0.03125 0.26328125 0.0109375 0.0046875
0 0.03046875 0.4234375 0.01328125 0.0203125
1 0.184375 0.85546875 0.00703125 0.00859375