0 0.046875 0.08671875 0.01875 0.0296875
0 0.74609375 0.96328125 0.03125 0.00859375
1 0.59921875 0.775 0.0109375 0.0125
1 0.32890625 0.51328125 0.009375 0.0109375
1 0.81015625 0.46171875 0.0125 0.01328125
0 0.953125 0.509375 0.0109375 0.03671875
0 0.95390625 0.0796875 0.015625 0.021875
0 0.49609375 0.03203125 0.0296875 0.01484375
2 0.34609375 0.38984375 0.35546875 0.05546875
2 0.6390625 0.31953125 0.059375 0.1734375
2 0.8203125 0.075 0.04921875 0.0796875
2 0.85546875 0.09453125 0.02890625 0.034375
2 0.909375 0.221875 0.08671875 0.1171875
2 0.3828125 0.61171875 0.246875 0.1046875
2 0.32578125 0.78046875 0.0296875 0.04453125
2 0.56640625 0.11953125 0.1109375 0.13203125
2 0.40234375 0.26953125 0.21171875 0.16796875
2 0.14296875 0.309375 0.046875 0.2171875
2 0.1078125 0.12109375 0.0265625 0.15546875
2 0.221875 0.57578125 0.06796875 0.17109375
2 0.17890625 0.4546875 0.0203125 0.065625
2 0.13515625 0.68984375 0.1328125 0.02578125
2 0.23203125 0.6703125 0.04921875 0.01484375
2 0.5640625 0.5265625 0.10859375 0.0640625
2 0.27265625 0.690625 0.0265625 0.04921875
2 0.371875 0.84453125 0.05859375 0.07578125
2 0.4453125 0.9234375 0.0828125 0.07890625
2 0.84453125 0.759375 0.1015625 0.053125
2 0.759375 0.45546875 0.0734375 0.10703125