1 0.41796875 0.23125 0.015625 0.0125
0 0.27109375 0.03515625 0.01953125 0.00859375
0 0.36015625 0.0328125 0.01171875 0.00703125
1 0.35546875 0.525 0.01015625 0.00703125
1 0.228125 0.55546875 0.0140625 0.0140625
1 0.240625 0.39296875 0.0109375 0.0078125
1 0.67265625 0.49453125 0.0125 0.0203125
1 0.6125 0.64609375 0.0140625 0.0140625
1 0.50703125 0.6984375 0.0046875 0.0046875
1 0.26953125 0.7328125 0.00859375 0.00703125
1 0.54921875 0.896875 0.00859375 0.009375
1 0.84921875 0.81640625 0.0125 0.0140625
1 0.77890625 0.70625 0.00859375 0.0078125
1 0.83828125 0.22734375 0.00703125 0.00859375
0 0.91171875 0.0375 0.03046875 0.00625
0 0.96875 0.69921875 0.009375 0.01328125
0 0.196875 0.97109375 0.04453125 0.00859375
0 0.121875 0.971875 0.009375 0.00703125
0 0.04296875 0.52109375 0.00546875 0.0046875
0 0.04453125 0.509375 0.00390625 0.0109375
0 0.04296875 0.49765625 0.00234375 0.00625
0 0.04609375 0.4609375 0.01015625 0.06171875
2 0.10625 0.25703125 0.1265625 0.034375
2 0.21171875 0.22265625 0.0796875 0.034375