0 0.51171875 0.02421875 0.0375 0.01015625
1 0.4125 0.6765625 0.00546875 0.00390625
1 0.509375 0.84375 0.003125 0.00703125
1 0.51015625 0.83515625 0.003125 0.00625
1 0.5 0.93125 0.00546875 0.009375
1 0.5046875 0.88515625 0.0046875 0.00625
0 0.46796875 0.96875 0.00625 0.00546875
0 0.54375 0.96796875 0.04765625 0.00625
0 0.71875 0.96953125 0.0125 0.00390625
2 0.68046875 0.20859375 0.17265625 0.05234375
2 0.54453125 0.3171875 0.0265625 0.07265625
2 0.52265625 0.43515625 0.01640625 0.16171875
2 0.515625 0.58203125 0.00546875 0.12890625
1 0.8578125 0.765625 0.0078125 0.00390625
1 0.68203125 0.7921875 0.0046875 0.0046875
1 0.20234375 0.6859375 0.00625 0.00703125
0 0.053125 0.80078125 0.0046875 0.0234375
0 0.05625 0.8703125 0.00390625 0.0109375
1 0.34765625 0.41484375 0.0046875 0.00546875
1 0.57890625 0.27109375 0.00390625 0.0046875
1 0.515625 0.67421875 0.003125 0.00546875
1 0.4796875 0.528125 0.0046875 0.00390625
1 0.08359375 0.7453125 0.003125 0.0046875