0 0.03828125 0.1 0.00703125 0.0171875
0 0.040625 0.11328125 0.01015625 0.00859375
0 0.0390625 0.04375 0.00546875 0.00625
0 0.8328125 0.04609375 0.01171875 0.00625
0 0.84921875 0.05 0.01640625 0.0125
0 0.971875 0.25859375 0.00703125 0.01171875
0 0.97265625 0.26875 0.00546875 0.009375
0 0.97265625 0.2828125 0.00546875 0.01875
0 0.9625 0.6890625 0.00859375 0.01328125
0 0.9640625 0.70234375 0.003125 0.0109375
0 0.959375 0.8484375 0.003125 0.00546875
2 0.94296875 0.903125 0.02890625 0.003125
0 0.95859375 0.86796875 0.00234375 0.0046875
0 0.95390625 0.95859375 0.003125 0.00625
1 0.878125 0.91015625 0.00703125 0.0046875
0 0.5296875 0.96796875 0.009375 0.00234375
0 0.540625 0.96796875 0.00546875 0.00234375
0 0.29921875 0.96640625 0.0078125 0.003125
0 0.315625 0.965625 0.0234375 0.00625
0 0.3328125 0.965625 0.0078125 0.00546875
1 0.22265625 0.3765625 0.01328125 0.01171875
1 0.6296875 0.42421875 0.0078125 0.00625
1 0.83046875 0.2765625 0.01953125 0.01953125
1 0.54921875 0.15625 0.01015625 0.01171875
1 0.2375 0.61171875 0.009375 0.009375
1 0.42890625 0.60546875 0.015625 0.01875
1 0.28359375 0.796875 0.009375 0.009375
1 0.62890625 0.7703125 0.015625 0.0203125
1 0.85859375 0.63515625 0.00703125 0.00859375