1 0.16484375 0.71640625 0.0171875 0.01484375
0 0.04765625 0.67265625 0.01328125 0.025
0 0.046875 0.70234375 0.00859375 0.0328125
0 0.0703125 0.97421875 0.03515625 0.0046875
0 0.0625 0.9640625 0.0203125 0.0140625
0 0.48671875 0.97421875 0.0125 0.00390625
0 0.49921875 0.9703125 0.01171875 0.01015625
0 0.5109375 0.97265625 0.009375 0.00546875
1 0.75 0.77890625 0.00390625 0.00390625
1 0.5859375 0.77890625 0.028125 0.01875
1 0.20234375 0.45625 0.01015625 0.0078125
1 0.4734375 0.496875 0.00625 0.0046875
1 0.68515625 0.47265625 0.0046875 0.00390625
1 0.85 0.53515625 0.00546875 0.0046875
1 0.54921875 0.3265625 0.01171875 0.01953125
1 0.234375 0.2546875 0.0078125 0.00703125
1 0.71640625 0.21640625 0.00625 0.00546875
1 0.86640625 0.26640625 0.01796875 0.01875
0 0.92109375 0.03984375 0.0234375 0.0078125
0 0.8890625 0.03671875 0.00546875 0.003125
0 0.9671875 0.04140625 0.009375 0.00703125
0 0.38359375 0.03125 0.02109375 0.00546875
0 0.41484375 0.03125 0.009375 0.00625
0 0.40234375 0.0328125 0.0140625 0.0109375
0 0.03671875 0.0375 0.0046875 0.00625
0 0.03671875 0.16875 0.0046875 0.01796875
0 0.0359375 0.1921875 0.003125 0.009375
0 0.0359375 0.2765625 0.00390625 0.0125
1 0.41484375 0.1578125 0.0046875 0.00546875