0 0.1828125 0.01484375 0.01328125 0.0109375
2 0.23359375 0.03203125 0.0140625 0.0421875
2 0.21796875 0.075 0.01640625 0.040625
0 0.03671875 0.37734375 0.01640625 0.03671875
1 0.253125 0.41328125 0.02890625 0.02890625
1 0.46171875 0.165625 0.0203125 0.01484375
1 0.65390625 0.2640625 0.0171875 0.01796875
1 0.696875 0.6515625 0.01328125 0.0109375
1 0.46953125 0.70546875 0.01640625 0.015625
1 0.15546875 0.80234375 0.01171875 0.01171875
0 0.22578125 0.97265625 0.0265625 0.0046875
0 0.57734375 0.9765625 0.01953125 0.0078125
0 0.6046875 0.97578125 0.0328125 0.00859375
1 0.8421875 0.8375 0.0203125 0.02109375
0 0.96484375 0.784375 0.00625 0.028125
0 0.95859375 0.9421875 0.00546875 0.0125
0 0.95390625 0.9734375 0.01328125 0.0078125
0 0.95703125 0.95859375 0.00703125 0.01875
1 0.521875 0.52265625 0.00703125 0.00703125
0 0.69375 0.01875 0.04609375 0.00546875
0 0.74140625 0.01953125 0.028125 0.00390625
0 0.946875 0.02890625 0.07265625 0.00625
0 0.83203125 0.025 0.06015625 0.00625
1 0.60390625 0.259375 0.00390625 0.00390625