1 0.478125 0.171875 0.00546875 0.00625
1 0.79296875 0.1296875 0.0046875 0.00546875
1 0.73984375 0.43984375 0.00859375 0.00546875
0 0.97265625 0.02734375 0.00625 0.0046875
0 0.9734375 0.14375 0.00703125 0.02265625
0 0.9640625 0.85625 0.00859375 0.01171875
1 0.68984375 0.8546875 0.00625 0.00703125
0 0.42734375 0.965625 0.01484375 0.00703125
0 0.053125 0.6640625 0.01484375 0.03359375
0 0.40625 0.021875 0.0140625 0.003125
0 0.64609375 0.02265625 0.01328125 0.00625
1 0.28046875 0.415625 0.0078125 0.0078125
1 0.18046875 0.7671875 0.00703125 0.00546875
1 0.421875 0.76796875 0.0078125 0.0125
1 0.80703125 0.6609375 0.00546875 0.00546875
2 0.9 0.72109375 0.103125 0.0140625
0 0.66640625 0.0234375 0.02578125 0.00625
0 0.965625 0.8453125 0.0046875 0.00625