2 0.6609375 0.528125 0.0234375 0.10859375
2 0.2515625 0.59140625 0.12578125 0.03046875
2 0.33125 0.8625 0.01953125 0.06484375
2 0.3578125 0.78828125 0.02578125 0.0546875
2 0.39140625 0.675 0.03359375 0.1390625
2 0.41796875 0.5390625 0.02578125 0.13125
2 0.44453125 0.4046875 0.028125 0.1359375
2 0.4828125 0.26953125 0.046875 0.12734375
2 0.55 0.25625 0.05546875 0.0453125
2 0.11328125 0.2546875 0.109375 0.0625
0 0.0859375 0.9359375 0.0109375 0.04140625
0 0.08046875 0.91015625 0.00546875 0.00546875
0 0.55390625 0.03671875 0.0234375 0.00703125
0 0.92578125 0.34921875 0.00546875 0.03671875
0 0.9265625 0.396875 0.00390625 0.0359375
0 0.91953125 0.9359375 0.00390625 0.01484375
1 0.75859375 0.78203125 0.0046875 0.00546875
1 0.6109375 0.38984375 0.00390625 0.00390625
1 0.5171875 0.9171875 0.00390625 0.00546875
0 0.425 0.96015625 0.040625 0.00625
2 0.325 0.93046875 0.0046875 0.01953125
1 0.32421875 0.90390625 0.00390625 0.01171875
1 0.34296875 0.82265625 0.00546875 0.00859375
1 0.37265625 0.753125 0.00703125 0.0109375
1 0.49765625 0.70703125 0.0046875 0.00625
1 0.28984375 0.26171875 0.00390625 0.00625