0 0.09609375 0.0359375 0.01484375 0.00625
0 0.0453125 0.2703125 0.0078125 0.02109375
0 0.04375 0.29296875 0.00546875 0.01875
1 0.2328125 0.2671875 0.02109375 0.02421875
1 0.309375 0.4609375 0.00625 0.01015625
1 0.15546875 0.5 0.015625 0.015625
1 0.2765625 0.60703125 0.00859375 0.00859375
1 0.38984375 0.72890625 0.00859375 0.00859375
1 0.53984375 0.61796875 0.00625 0.00625
1 0.665625 0.55859375 0.0046875 0.00625
1 0.690625 0.72890625 0.01953125 0.0171875
0 0.815625 0.93671875 0.01171875 0.00859375
0 0.82890625 0.9375 0.01328125 0.00546875
0 0.571875 0.940625 0.00625 0.0046875
2 0.75078125 0.928125 0.065625 0.00703125
2 0.81875 0.91953125 0.06640625 0.01171875
2 0.93515625 0.853125 0.015625 0.003125
0 0.33359375 0.93828125 0.01171875 0.00703125
0 0.35234375 0.93671875 0.0203125 0.00703125
0 0.36953125 0.93984375 0.01171875 0.00390625
0 0.06171875 0.9015625 0.00859375 0.0171875
0 0.06328125 0.91875 0.01015625 0.015625
1 0.196875 0.771875 0.00625 0.00625
1 0.490625 0.22421875 0.00703125 0.00859375
1 0.80859375 0.15078125 0.0046875 0.00703125
1 0.72578125 0.35 0.00625 0.00703125
0 0.9453125 0.57265625 0.01171875 0.01953125