0 0.44765625 0.02734375 0.04375 0.0078125
1 0.30078125 0.1328125 0.0125 0.0125
1 0.5453125 0.1796875 0.00625 0.00859375
1 0.3390625 0.35390625 0.009375 0.01640625
1 0.4984375 0.4828125 0.00546875 0.00625
1 0.69375 0.3171875 0.0171875 0.01875
1 0.55625 0.659375 0.01015625 0.01171875
1 0.51328125 0.865625 0.01484375 0.0140625
0 0.37265625 0.96171875 0.03671875 0.00859375
0 0.6515625 0.9625 0.0078125 0.00546875
0 0.06640625 0.95859375 0.003125 0.0078125
0 0.06328125 0.896875 0.00390625 0.0078125
0 0.059375 0.78984375 0.0046875 0.01640625
0 0.05078125 0.5265625 0.003125 0.0171875
0 0.05390625 0.47734375 0.009375 0.03671875
0 0.04921875 0.271875 0.003125 0.00859375
0 0.05234375 0.25234375 0.0078125 0.0140625
0 0.04921875 0.20390625 0.003125 0.0078125
0 0.12265625 0.0296875 0.02578125 0.003125
0 0.06953125 0.03046875 0.00625 0.0015625
0 0.36484375 0.02578125 0.0078125 0.00234375
0 0.41953125 0.02578125 0.00859375 0.003125
0 0.72734375 0.02890625 0.028125 0.00546875
0 0.62734375 0.0265625 0.00625 0.00390625
0 0.5515625 0.0265625 0.02109375 0.003125
2 0.9203125 0.0578125 0.0484375 0.02109375
0 0.95390625 0.04453125 0.03203125 0.0234375
2 0.9625 0.1171875 0.00546875 0.03671875
2 0.9625 0.23203125 0.0015625 0.0109375
2 0.96015625 0.19609375 0.00390625 0.0390625
2 0.959375 0.2234375 0.00234375 0.0125
2 0.9625 0.2796875 0.003125 0.01875
2 0.9640625 0.25859375 0.00234375 0.0140625
0 0.96640625 0.396875 0.0078125 0.034375
0 0.96953125 0.1109375 0.00234375 0.0109375
0 0.96015625 0.6953125 0.00859375 0.01875
0 0.9640625 0.6734375 0.003125 0.0125
0 0.9671875 0.49921875 0.003125 0.01328125
0 0.96796875 0.4859375 0.003125 0.0125
1 0.83515625 0.7453125 0.01640625 0.01015625
0 0.9484375 0.953125 0.01328125 0.00859375
0 0.45078125 0.9640625 0.00625 0.003125
0 0.51328125 0.9640625 0.00859375 0.003125
0 0.5234375 0.96328125 0.00859375 0.003125
0 0.5375 0.96328125 0.01484375 0.00390625
0 0.26484375 0.96328125 0.0078125 0.003125
1 0.2640625 0.71640625 0.01171875 0.0140625
1 0.1328125 0.3578125 0.00625 0.00625
1 0.18671875 0.14765625 0.00546875 0.00703125