1 0.29609375 0.24375 0.025 0.01796875
1 0.59453125 0.4265625 0.01171875 0.0125
1 0.3453125 0.7265625 0.0125 0.0140625
0 0.0515625 0.40625 0.0125 0.0796875
0 0.49375 0.94609375 0.0671875 0.015625
0 0.925 0.56875 0.0171875 0.06015625
1 0.81953125 0.14296875 0.0125 0.01328125
0 0.83359375 0.03125 0.071875 0.015625
2 0.87734375 0.25 0.040625 0.24765625
2 0.3078125 0.64296875 0.0359375 0.209375
2 0.2078125 0.3265625 0.19453125 0.05078125
2 0.37578125 0.38515625 0.13671875 0.065625
2 0.4984375 0.45703125 0.10390625 0.07734375
2 0.6 0.540625 0.09453125 0.090625
2 0.68984375 0.6328125 0.08203125 0.08984375
2 0.77109375 0.715625 0.075 0.0765625
2 0.70078125 0.534375 0.08359375 0.08046875
2 0.15 0.15703125 0.16328125 0.02421875
2 0.303125 0.19453125 0.1375 0.05078125
2 0.10859375 0.59375 0.1109375 0.07109375
2 0.2125 0.6734375 0.08984375 0.084375
2 0.2734375 0.7328125 0.02578125 0.03046875
2 0.30546875 0.7765625 0.034375 0.0484375
2 0.33359375 0.77734375 0.0125 0.046875
2 0.43125 0.2515625 0.1140625 0.0625