1 0.42421875 0.22421875 0.02890625 0.01640625
1 0.253125 0.221875 0.0046875 0.0046875
0 0.5015625 0.03125 0.02109375 0.0109375
0 0.5203125 0.02890625 0.015625 0.00546875
1 0.70859375 0.12734375 0.00390625 0.00390625
0 0.93359375 0.03515625 0.0328125 0.00625
0 0.94140625 0.0453125 0.0203125 0.0125
0 0.95703125 0.30078125 0.0078125 0.0296875
0 0.95546875 0.328125 0.0125 0.02421875
0 0.965625 0.80703125 0.00546875 0.01640625
0 0.96640625 0.92890625 0.003125 0.00625
0 0.60234375 0.95078125 0.0109375 0.00625
0 0.615625 0.9484375 0.01328125 0.0109375
0 0.6328125 0.94921875 0.01953125 0.00625
0 0.040625 0.9625 0.01015625 0.00703125
0 0.08984375 0.96171875 0.02421875 0.00703125
1 0.1421875 0.7375 0.01875 0.01796875
1 0.2984375 0.7828125 0.00546875 0.0046875
1 0.6015625 0.8296875 0.0046875 0.00546875
1 0.153125 0.46875 0.0046875 0.003125
1 0.54140625 0.5046875 0.0046875 0.0046875
1 0.80703125 0.53984375 0.009375 0.00703125
0 0.96640625 0.70546875 0.00390625 0.01171875
1 0.84375 0.28671875 0.01640625 0.01328125
1 0.32578125 0.53046875 0.0046875 0.0046875
1 0.77734375 0.7328125 0.0078125 0.00625