0 0.84140625 0.02890625 0.021875 0.00625
0 0.8625 0.03125 0.0171875 0.0078125
0 0.9734375 0.0359375 0.0109375 0.01171875
0 0.9765625 0.28203125 0.00859375 0.0171875
0 0.97734375 0.29921875 0.00703125 0.01640625
0 0.97421875 0.78515625 0.00390625 0.00859375
0 0.9734375 0.81015625 0.00234375 0.00625
0 0.9734375 0.8265625 0.00234375 0.009375
0 0.97265625 0.8359375 0.00234375 0.00625
0 0.96953125 0.846875 0.0078125 0.01484375
0 0.86015625 0.9640625 0.01015625 0.00703125
0 0.84609375 0.965625 0.01640625 0.00390625
0 0.8296875 0.96328125 0.0140625 0.0109375
0 0.065625 0.9765625 0.00625 0.00703125
0 0.11953125 0.9734375 0.0171875 0.01328125
1 0.165625 0.43828125 0.01484375 0.0203125
0 0.03125 0.23046875 0.00625 0.0390625
1 0.7046875 0.1421875 0.00390625 0.00546875
1 0.81484375 0.24140625 0.0078125 0.00703125
1 0.34609375 0.32578125 0.0046875 0.00546875
1 0.50859375 0.53515625 0.0203125 0.02109375
1 0.66015625 0.6234375 0.00546875 0.0046875
1 0.85859375 0.61015625 0.00390625 0.0046875
1 0.21015625 0.78828125 0.00546875 0.0046875
1 0.46953125 0.82265625 0.0046875 0.00546875
1 0.825 0.8734375 0.00390625 0.00546875