2 0.58125 0.92578125 0.0359375 0.0796875
2 0.53125 0.85859375 0.0671875 0.0515625
2 0.4359375 0.8125 0.11953125 0.04375
1 0.59296875 0.7875 0.00625 0.009375
1 0.1109375 0.6171875 0.00703125 0.00546875
1 0.328125 0.5609375 0.01796875 0.01640625
1 0.15 0.36171875 0.00625 0.00703125
1 0.12265625 0.103125 0.0171875 0.0140625
0 0.04296875 0.11484375 0.0109375 0.03671875
0 0.040625 0.71953125 0.00390625 0.01171875
0 0.44296875 0.04921875 0.05546875 0.01484375
1 0.45078125 0.1984375 0.00859375 0.00703125
1 0.83046875 0.86328125 0.01796875 0.015625
2 0.78671875 0.79609375 0.1078125 0.05
1 0.71171875 0.4734375 0.01171875 0.01875
2 0.5328125 0.26640625 0.0578125 0.15
1 0.76328125 0.16015625 0.0078125 0.01328125
0 0.82890625 0.05546875 0.0328125 0.00859375
0 0.9703125 0.384375 0.00859375 0.046875
1 0.5078125 0.48671875 0.01171875 0.01328125