1 0.1984375 0.1890625 0.01640625 0.015625
1 0.3828125 0.28046875 0.009375 0.0078125
2 0.52734375 0.16484375 0.00703125 0.040625
2 0.5203125 0.20625 0.00703125 0.03984375
2 0.5171875 0.25390625 0.0046875 0.053125
2 0.5203125 0.30078125 0.0046875 0.03828125
2 0.6796875 0.15625 0.01953125 0.034375
2 0.6609375 0.18828125 0.01796875 0.0296875
2 0.63984375 0.22890625 0.015625 0.03203125
2 0.625 0.26875 0.01640625 0.0421875
2 0.60703125 0.31328125 0.015625 0.0453125
2 0.59375 0.35390625 0.01484375 0.03359375
2 0.57890625 0.38984375 0.01484375 0.03515625
2 0.56328125 0.42578125 0.01796875 0.034375
2 0.5453125 0.4609375 0.02109375 0.0328125
2 0.52578125 0.5 0.02265625 0.03984375
2 0.5078125 0.5328125 0.01171875 0.02421875
2 0.48984375 0.56484375 0.01328125 0.03046875
2 0.47265625 0.59453125 0.0203125 0.02578125
2 0.44765625 0.62265625 0.02578125 0.025
2 0.421875 0.65078125 0.02421875 0.0296875
2 0.3953125 0.67734375 0.02734375 0.0203125
2 0.36171875 0.69765625 0.02890625 0.015625
2 0.3328125 0.71484375 0.025 0.01640625
2 0.3078125 0.7265625 0.02109375 0.0078125
2 0.2890625 0.7375 0.015625 0.0125
2 0.26328125 0.74921875 0.0265625 0.0078125
2 0.1375 0.8 0.02421875 0.065625
2 0.16328125 0.8640625 0.02578125 0.059375
1 0.26171875 0.80546875 0.00703125 0.00625
1 0.3875 0.83125 0.01484375 0.01328125
1 0.50390625 0.83828125 0.0109375 0.00859375
0 0.66796875 0.96015625 0.01328125 0.00859375
0 0.859375 0.95390625 0.0078125 0.00390625
0 0.87109375 0.95390625 0.00625 0.0046875
0 0.88671875 0.95234375 0.0234375 0.00546875
0 0.90546875 0.9515625 0.01171875 0.00546875
0 0.95625 0.85 0.00703125 0.02265625
0 0.95703125 0.83046875 0.00546875 0.015625
0 0.959375 0.75078125 0.00703125 0.0421875
1 0.86796875 0.60390625 0.00625 0.0078125
1 0.740625 0.490625 0.0125 0.01328125
2 0.85859375 0.39375 0.01796875 0.06640625
2 0.87109375 0.2953125 0.01171875 0.12734375
0 0.96484375 0.33203125 0.0078125 0.02578125
1 0.91640625 0.10390625 0.0078125 0.009375
0 0.9640625 0.0640625 0.00390625 0.00703125
0 0.70390625 0.05078125 0.0078125 0.00546875
0 0.34296875 0.05390625 0.028125 0.00859375
0 0.36171875 0.05234375 0.0078125 0.00703125
0 0.37109375 0.053125 0.0078125 0.009375
2 0.38046875 0.0828125 0.00703125 0.03984375
2 0.378125 0.121875 0.0078125 0.0375
2 0.36796875 0.1515625 0.01171875 0.0203125
2 0.35234375 0.1734375 0.01953125 0.02109375
2 0.3265625 0.1921875 0.02890625 0.01484375
2 0.26640625 0.2046875 0.0828125 0.01171875
1 0.65078125 0.20859375 0.0078125 0.00703125
1 0.625 0.5640625 0.00625 0.00625
1 0.39609375 0.48203125 0.01484375 0.015625
1 0.2296875 0.41875 0.009375 0.00859375
1 0.259375 0.62265625 0.00546875 0.0046875
1 0.7296875 0.77265625 0.009375 0.009375
0 0.153125 0.97109375 0.0203125 0.003125
0 0.13125 0.97109375 0.009375 0.003125
0 0.178125 0.9703125 0.01171875 0.00390625