2 0.18984375 0.496875 0.0765625 0.0296875
2 0.27578125 0.52734375 0.0921875 0.0296875
2 0.1578125 0.825 0.01875 0.121875
0 0.48984375 0.94609375 0.01328125 0.01328125
0 0.4765625 0.95078125 0.01015625 0.00703125
0 0.50625 0.9484375 0.01640625 0.0078125
1 0.58671875 0.8515625 0.00859375 0.01484375
2 0.7578125 0.571875 0.02421875 0.0671875
2 0.78515625 0.6375 0.03515625 0.0625
2 0.46484375 0.0765625 0.0125 0.0734375
2 0.47890625 0.1671875 0.01796875 0.10546875
2 0.49609375 0.2640625 0.0171875 0.08125
2 0.51875 0.38046875 0.02265625 0.07734375
2 0.5765625 0.546875 0.0171875 0.08671875
2 0.584375 0.659375 0.009375 0.13203125
2 0.59375 0.7578125 0.01171875 0.06015625
2 0.58828125 0.82109375 0.0078125 0.03828125
2 0.54609375 0.44609375 0.0328125 0.05
1 0.56796875 0.49453125 0.00859375 0.0125
1 0.59296875 0.79453125 0.0078125 0.0078125
1 0.75625 0.375 0.01015625 0.0109375
0 0.946875 0.35234375 0.01484375 0.03671875
0 0.83984375 0.03984375 0.01953125 0.0125