1 0.16171875 0.17890625 0.01640625 0.02109375
0 0.14140625 0.0296875 0.01328125 0.00390625
0 0.23984375 0.02890625 0.0109375 0.0046875
0 0.403125 0.0265625 0.0140625 0.003125
0 0.5703125 0.0265625 0.01171875 0.00234375
0 0.64140625 0.02890625 0.0203125 0.0046875
0 0.66171875 0.0296875 0.01953125 0.00625
0 0.95625 0.0375 0.00625 0.0046875
0 0.89453125 0.0390625 0.00234375 0.003125
1 0.4734375 0.1765625 0.00546875 0.00625
1 0.78125 0.1375 0.00390625 0.0046875
0 0.95703125 0.1484375 0.00703125 0.0125
0 0.95625 0.159375 0.00703125 0.00859375
0 0.94765625 0.85390625 0.00390625 0.009375
0 0.9453125 0.86484375 0.0078125 0.0109375
1 0.67890625 0.8625 0.00625 0.00703125
0 0.421875 0.975 0.01484375 0.00703125
1 0.178125 0.7765625 0.0078125 0.00546875
1 0.41640625 0.7765625 0.00703125 0.0125
0 0.0515625 0.671875 0.015625 0.03671875
1 0.27734375 0.42109375 0.00859375 0.00859375
1 0.728125 0.44609375 0.00859375 0.0078125
1 0.5453125 0.54296875 0.02109375 0.02265625
1 0.79296875 0.66875 0.00546875 0.00546875