2 0.515785603125 0.2530836125 0.5045083578125 0.251280165625 0.4962514546875 0.44656788281250004 0.5108567265625 0.4467440625 0.515785603125 0.2530836125
1 0.5015625 0.80546875 0.02421875 0.0171875
1 0.5734375 0.54453125 0.0171875 0.0234375
1 0.7359375 0.7515625 0.009375 0.00859375
1 0.88046875 0.57421875 0.015625 0.015625
1 0.859375 0.5375 0.00546875 0.00625
1 0.4109375 0.609375 0.00625 0.00859375
1 0.27421875 0.64375 0.01171875 0.0109375
1 0.284375 0.7671875 0.00625 0.00703125
2 0.7284537046875 0.812201621875 0.9101211515625 0.7731400625 0.960915534375 0.7580246749999999 0.9606841421875 0.744192040625 0.8586448703125 0.7750112734375 0.713449403125 0.805652371875 0.7284537046875 0.812201621875
1 0.22265625 0.4390625 0.01171875 0.01015625
1 0.43359375 0.2625 0.009375 0.0109375
1 0.83671875 0.30703125 0.00859375 0.00859375
1 0.64140625 0.1953125 0.0234375 0.01875
1 0.1390625 0.13203125 0.00703125 0.00859375
1 0.15703125 0.17734375 0.0078125 0.01171875
0 0.04609375 0.28828125 0.00703125 0.05859375
0 0.26953125 0.03203125 0.00625 0.003125
0 0.30703125 0.03125 0.0140625 0.0046875
0 0.346875 0.03125 0.01015625 0.00546875
0 0.52109375 0.03125 0.02890625 0.0109375
0 0.915625 0.03046875 0.03828125 0.0109375
0 0.96015625 0.36953125 0.009375 0.01953125
0 0.95859375 0.80625 0.003125 0.01171875
0 0.94609375 0.95078125 0.01796875 0.0203125
0 0.36640625 0.9546875 0.03984375 0.03046875
2 0.22109156093750001 0.10038538749999999 0.22875015625 0.032854023437500005 0.2204397515625 0.033019137500000004 0.207637578125 0.1150500796875 0.1582516015625 0.2433530578125 0.17013395 0.24673935937499997 0.22109156093750001 0.10038538749999999
0 0.3578125 0.03046875 0.00703125 0.00390625
1 0.57109375 0.78203125 0.00859375 0.00625
1 0.6421875 0.3578125 0.00625 0.0078125
2 0.7078125 0.94375 0.00859375 0.046875
1 0.70546875 0.91640625 0.00546875 0.0046875
2 0.57633825625 0.7879813609374999 0.6731727734375 0.8307884390625 0.682214709375 0.820160475 0.580040825 0.780580471875 0.57633825625 0.7879813609374999
2 0.41229103437500003 0.743376271875 0.40727741406250006 0.7545527234375 0.4822310609375 0.7629350890625 0.5258495734374999 0.7751276171875 0.5318659046875001 0.7647131578125 0.41229103437500003 0.743376271875