1 0.53359375 0.29921875 0.01015625 0.00859375
1 0.77421875 0.48828125 0.00703125 0.0078125
1 0.646875 0.72890625 0.00546875 0.00625
1 0.3734375 0.540625 0.00703125 0.0078125
1 0.43515625 0.67109375 0.00625 0.00703125
1 0.84609375 0.81171875 0.00625 0.00703125
0 0.42265625 0.9578125 0.01796875 0.0140625
1 0.2109375 0.17890625 0.00859375 0.00859375
0 0.0625 0.0328125 0.0359375 0.0125
0 0.03671875 0.33671875 0.00859375 0.03671875
0 0.03671875 0.57578125 0.00625 0.00625
0 0.0453125 0.83828125 0.009375 0.02890625
1 0.846875 0.17578125 0.0046875 0.00546875
0 0.71953125 0.02265625 0.040625 0.00859375
2 0.06015625 0.8 0.01875 0.13984375