0 0.06015625 0.53515625 0.0265625 0.0328125
0 0.05390625 0.565625 0.0109375 0.02578125
1 0.1546875 0.67421875 0.01796875 0.0140625
0 0.0625 0.9046875 0.00703125 0.02109375
0 0.06484375 0.92265625 0.009375 0.0125
0 0.28515625 0.95 0.01875 0.009375
0 0.95234375 0.8609375 0.00859375 0.0140625
0 0.953125 0.8734375 0.0046875 0.00859375
0 0.95390625 0.88046875 0.003125 0.0046875
0 0.96171875 0.65 0.00625 0.01640625
0 0.96328125 0.625 0.00390625 0.01171875
0 0.18984375 0.05078125 0.02578125 0.00703125
1 0.75703125 0.27890625 0.015625 0.01171875
1 0.16171875 0.478125 0.01484375 0.01796875
1 0.3609375 0.559375 0.009375 0.0078125
1 0.7859375 0.54140625 0.00703125 0.0078125
1 0.61796875 0.78046875 0.0125 0.01953125
1 0.78828125 0.765625 0.00625 0.0046875
1 0.53203125 0.2890625 0.0046875 0.00546875
1 0.37421875 0.77734375 0.00625 0.00625