1 0.26171875 0.2578125 0.0140625 0.0171875
2 0.2984375 0.2359375 0.03203125 0.0578125
2 0.3296875 0.303125 0.0296875 0.06953125
2 0.15703125 0.4546875 0.11484375 0.02578125
2 0.790625 0.5578125 0.18828125 0.02421875
1 0.54140625 0.65234375 0.009375 0.01171875
0 0.93515625 0.7296875 0.01171875 0.01953125
0 0.525 0.94140625 0.053125 0.02734375
1 0.46015625 0.84375 0.01953125 0.01484375
1 0.6546875 0.85234375 0.01640625 0.02109375
0 0.89140625 0.94375 0.03671875 0.01171875
0 0.0390625 0.81015625 0.00859375 0.02578125
2 0.2390625 0.65625 0.05078125 0.1171875
1 0.77109375 0.4 0.02265625 0.0140625
2 0.659375 0.221875 0.0140625 0.1359375
1 0.528125 0.2296875 0.009375 0.009375
1 0.759375 0.22734375 0.00703125 0.009375
1 0.7625 0.6421875 0.00703125 0.00703125
0 0.8703125 0.059375 0.03203125 0.01015625
0 0.64296875 0.04921875 0.0203125 0.0078125