0 0.84921875 0.0296875 0.03125 0.01328125
0 0.98203125 0.2484375 0.00703125 0.021875
0 0.97421875 0.68671875 0.009375 0.01328125
0 0.97109375 0.85 0.00390625 0.00625
0 0.31640625 0.97421875 0.04375 0.00703125
0 0.54296875 0.97578125 0.0234375 0.003125
0 0.03203125 0.08984375 0.01015625 0.028125
1 0.5515625 0.140625 0.01015625 0.0109375
1 0.21953125 0.36953125 0.01484375 0.0125
1 0.634375 0.415625 0.009375 0.00859375
1 0.43046875 0.60234375 0.015625 0.01875
1 0.86796875 0.63125 0.0078125 0.0078125
1 0.63515625 0.77265625 0.015625 0.0203125
1 0.284375 0.80078125 0.01015625 0.01015625
1 0.8890625 0.91328125 0.0078125 0.00625
1 0.83828125 0.26328125 0.01953125 0.0203125
0 0.9828125 0.26875 0.0046875 0.01875
0 0.9765625 0.7 0.003125 0.0125
0 0.97109375 0.8703125 0.00234375 0.0046875
2 0.9546875 0.90625 0.02734375 0.0046875
0 0.96640625 0.9640625 0.00390625 0.00625
2 0.9265625 0.4921875 0.10546875 0.025
2 0.85 0.4484375 0.0484375 0.0546875
2 0.79609375 0.3828125 0.05703125 0.06796875
2 0.41875 0.28046875 0.15078125 0.06640625