1 0.2484375 0.17578125 0.01640625 0.0171875
0 0.03984375 0.25625 0.00625 0.03203125
2 0.0546875 0.440625 0.03203125 0.015625
2 0.09140625 0.4234375 0.0375 0.0171875
2 0.13359375 0.40625 0.04375 0.0171875
1 0.2921875 0.44375 0.00625 0.00625
2 0.44140625 0.48671875 0.028125 0.01875
2 0.46875 0.46796875 0.025 0.0171875
2 0.49609375 0.45 0.0265625 0.01875
1 0.93828125 0.346875 0.0109375 0.0046875
0 0.96171875 0.303125 0.00703125 0.0171875
0 0.96328125 0.31953125 0.00546875 0.015625
2 0.9109375 0.3484375 0.03984375 0.00625
2 0.87734375 0.35703125 0.02421875 0.0109375
2 0.8546875 0.37109375 0.02109375 0.015625
2 0.82421875 0.3953125 0.0375 0.02890625
2 0.78828125 0.4125 0.02890625 0.00625
2 0.7515625 0.43125 0.0390625 0.02421875
2 0.7 0.459375 0.05078125 0.0234375
2 0.64375 0.4828125 0.0546875 0.021875
2 0.58359375 0.503125 0.0578125 0.015625
2 0.5375 0.51796875 0.025 0.0140625
2 0.49375 0.53203125 0.05546875 0.0140625
2 0.42890625 0.54453125 0.071875 0.0109375
2 0.36015625 0.546875 0.06171875 0.01015625
1 0.68125 0.4828125 0.01328125 0.01015625
1 0.3390625 0.9078125 0.0140625 0.0171875
2 0.075 0.93515625 0.03046875 0.06328125
2 0.12109375 0.8640625 0.0234375 0.021875
0 0.13203125 0.96484375 0.0171875 0.00546875
0 0.146875 0.965625 0.01171875 0.00546875
1 0.4703125 0.175 0.0078125 0.01015625
0 0.74453125 0.05234375 0.03046875 0.00703125
0 0.76953125 0.0546875 0.01328125 0.009375
1 0.7609375 0.2609375 0.00703125 0.00625
2 0.76796875 0.565625 0.01328125 0.04296875
2 0.775 0.61484375 0.01171875 0.05234375
1 0.6078125 0.7390625 0.00625 0.00546875
1 0.853125 0.74921875 0.00703125 0.00703125
0 0.78046875 0.95703125 0.015625 0.00859375
0 0.79921875 0.95546875 0.0203125 0.009375
2 0.7734375 0.85234375 0.04921875 0.0203125
2 0.82421875 0.87265625 0.046875 0.02109375
2 0.8703125 0.89375 0.04375 0.0203125
0 0.9640625 0.63125 0.00546875 0.0140625