0 0.05078125 0.4671875 0.0125 0.015625
1 0.27578125 0.6140625 0.0078125 0.009375
1 0.18046875 0.85546875 0.0109375 0.0078125
0 0.065625 0.88984375 0.0078125 0.02109375
1 0.86171875 0.8453125 0.01328125 0.0125
0 0.83671875 0.965625 0.01484375 0.00390625
0 0.95625 0.96171875 0.00859375 0.00390625
0 0.965625 0.959375 0.00859375 0.0078125
1 0.44921875 0.40234375 0.00703125 0.0078125
1 0.4828125 0.17578125 0.00703125 0.00703125
1 0.68203125 0.290625 0.00625 0.00703125
1 0.26015625 0.25625 0.00703125 0.0078125
0 0.31953125 0.02890625 0.04453125 0.00546875
0 0.6078125 0.028125 0.0265625 0.01171875
0 0.78984375 0.02734375 0.02265625 0.00859375
0 0.8125 0.02734375 0.01796875 0.00703125
2 0.378125 0.92890625 0.0140625 0.0859375
2 0.38125 0.81640625 0.03828125 0.05
2 0.46484375 0.76796875 0.12421875 0.04609375
2 0.58125 0.74921875 0.10390625 0.0125
1 0.66171875 0.75859375 0.00703125 0.0046875
2 0.69765625 0.75234375 0.0546875 0.01484375
2 0.7453125 0.71796875 0.0296875 0.05
1 0.365625 0.86171875 0.0046875 0.009375
1 0.36875 0.88046875 0.00546875 0.0078125