1 0.7546875 0.26953125 0.0078125 0.00703125
1 0.1328125 0.11328125 0.00546875 0.0046875
1 0.3578125 0.31171875 0.00546875 0.00625
1 0.74921875 0.59375 0.00625 0.00703125
0 0.95625 0.54921875 0.0046875 0.01171875
0 0.646875 0.02421875 0.0078125 0.0046875
2 0.6428172609375 0.11300535 0.6331399984375 0.2112098875 0.6399346718750001 0.2112098875 0.646111646875 0.1134811859375 0.6428172609375 0.11300535
2 0.635198990625 0.2124082046875 0.63108100625 0.2354278125 0.6345812937499999 0.23563708125 0.6380815796875 0.2128267421875 0.635198990625 0.2124082046875
2 0.6259495234375 0.25678670625 0.604460328125 0.31856528125 0.6133629953125 0.320125346875 0.6308613390625 0.25709871875 0.6259495234375 0.25678670625
2 0.6069162359375 0.3226214515625 0.60139044375 0.41029710625 0.6124420296875 0.41029710625 0.6142839609374999 0.321997425 0.6069162359375 0.3226214515625
2 0.5998555015625 0.4131052234375 0.5814361921875 0.5163815296875 0.5912598234375 0.51762958125 0.605995271875 0.4127932109375 0.5998555015625 0.4131052234375
2 0.582664146875 0.5188776328125 0.5667007453124999 0.642434784375 0.5734544921875 0.6436828359375 0.5903388578125 0.5188776328125 0.582664146875 0.5188776328125
2 0.559331965625 0.6715604015625 0.5513513203125 0.7054614124999999 0.557050671875 0.7057075390625 0.5645167265625 0.6730358937500001 0.559331965625 0.6715604015625
2 0.5489624453124999 0.716879134375 0.537970753125 0.7552419703125001 0.5423259515625001 0.755874325 0.553525034375 0.716879134375 0.5489624453124999 0.716879134375
2 0.5240755953125 0.806462678125 0.5008478671875001 0.880448146875 0.5072769703125 0.8829775640624999 0.5292603546875 0.8070950328125001 0.5240755953125 0.806462678125
2 0.5011225421875001 0.8827667796875 0.4812130625 0.9367276906249999 0.48826433593749996 0.9388355390625 0.506307303125 0.8846638421874999 0.5011225421875001 0.8827667796875
1 0.48203125 0.94453125 0.00625 0.0109375
1 0.53828125 0.76328125 0.00625 0.0109375
1 0.55234375 0.7125 0.0046875 0.00625
1 0.534375 0.77734375 0.003125 0.00546875
0 0.47578125 0.95859375 0.00859375 0.00546875
0 0.55078125 0.96171875 0.01171875 0.00390625
1 0.56328125 0.6625 0.0078125 0.01484375