0 0.03359375 0.1375 0.01171875 0.01875
0 0.03125 0.384375 0.00625 0.01015625
0 0.9640625 0.9484375 0.00546875 0.0109375
0 0.96171875 0.96328125 0.00546875 0.0171875
0 0.978125 0.5125 0.00546875 0.0171875
0 0.97421875 0.5296875 0.0109375 0.01484375
0 0.978125 0.54296875 0.00390625 0.01171875
0 0.365625 0.02421875 0.0375 0.0140625
0 0.334375 0.01953125 0.01953125 0.0046875
1 0.384375 0.23203125 0.009375 0.01015625
1 0.3953125 0.7640625 0.00546875 0.00546875
2 0.85 0.41953125 0.1125 0.015625
2 0.72109375 0.41953125 0.14453125 0.0140625
2 0.53828125 0.43203125 0.0734375 0.0109375
2 0.459375 0.45625 0.059375 0.0359375
2 0.29375 0.50390625 0.0296875 0.00625
2 0.39375 0.4859375 0.06953125 0.02265625
2 0.61015625 0.4234375 0.0515625 0.00703125
1 0.63984375 0.4234375 0.00546875 0.00390625
1 0.7734375 0.1765625 0.00625 0.00859375