1 0.5234375 0.49765625 0.0203125 0.01796875
2 0.51015625 0.55859375 0.16015625 0.02265625
2 0.55625 0.89375 0.01328125 0.12890625
1 0.296875 0.73125 0.0078125 0.00703125
1 0.51328125 0.64765625 0.00859375 0.00625
1 0.3296875 0.48046875 0.00859375 0.01015625
1 0.60703125 0.39765625 0.00546875 0.01015625
1 0.25234375 0.33046875 0.00546875 0.00703125
2 0.7328125 0.2578125 0.09609375 0.08046875
1 0.58515625 0.2109375 0.01640625 0.01015625
1 0.39140625 0.17265625 0.00859375 0.00703125
1 0.82734375 0.15625 0.00625 0.00625
0 0.7828125 0.03984375 0.03984375 0.0078125
0 0.95546875 0.35390625 0.01953125 0.025
1 0.90078125 0.6921875 0.01796875 0.0140625
2 0.8078125 0.63984375 0.04453125 0.1015625
1 0.72890625 0.57265625 0.00625 0.00546875
1 0.709375 0.8078125 0.00546875 0.009375
0 0.8765625 0.94609375 0.0375 0.0109375
0 0.1875 0.95546875 0.0375 0.00703125
0 0.07734375 0.95078125 0.0078125 0.00859375
1 0.1625 0.5609375 0.0171875 0.0140625
2 0.24375 0.18203125 0.1234375 0.00546875
0 0.2453125 0.046875 0.04140625 0.0078125