0 0.06640625 0.1328125 0.01015625 0.04765625
0 0.06640625 0.45859375 0.0109375 0.02578125
0 0.0671875 0.65703125 0.009375 0.02421875
0 0.11171875 0.9609375 0.0265625 0.0109375
0 0.859375 0.96875 0.03125 0.009375
0 0.95546875 0.91484375 0.015625 0.0203125
0 0.9609375 0.71015625 0.01953125 0.03125
0 0.96875 0.3609375 0.01640625 0.02734375
0 0.959375 0.9359375 0.009375 0.021875
0 0.959375 0.96484375 0.009375 0.01484375
0 0.9625 0.88515625 0.00625 0.03984375
0 0.96796875 0.059375 0.01328125 0.01796875