0 0.05 0.059375 0.0109375 0.00390625
0 0.046875 0.1125 0.00546875 0.03125
0 0.046875 0.49453125 0.0078125 0.02578125
0 0.06875 0.95546875 0.01640625 0.0078125
0 0.084375 0.95390625 0.0140625 0.0109375
0 0.4140625 0.95625 0.0359375 0.0109375
0 0.9421875 0.94453125 0.0125 0.01796875
0 0.97265625 0.0703125 0.0109375 0.01640625
1 0.8640625 0.18046875 0.01953125 0.015625
1 0.540625 0.50078125 0.009375 0.0078125
1 0.74453125 0.73515625 0.0171875 0.021875
1 0.74375 0.28984375 0.009375 0.00703125
1 0.21484375 0.45078125 0.01796875 0.02265625
1 0.3078125 0.58203125 0.0078125 0.0078125
1 0.46484375 0.2640625 0.00703125 0.0078125
1 0.29609375 0.7921875 0.0109375 0.015625
1 0.540625 0.7921875 0.0046875 0.00546875