0 0.32578125 0.0234375 0.01875 0.0171875
0 0.05078125 0.0265625 0.0234375 0.0078125
1 0.24140625 0.14453125 0.01640625 0.0171875
1 0.465625 0.2171875 0.009375 0.00859375
0 0.5296875 0.01796875 0.03203125 0.009375
1 0.72265625 0.2171875 0.00546875 0.0046875
0 0.96875 0.046875 0.00546875 0.01328125
0 0.97109375 0.1515625 0.0046875 0.01953125
0 0.97265625 0.23671875 0.003125 0.009375
0 0.9734375 0.26328125 0.003125 0.00390625
0 0.96796875 0.84921875 0.00546875 0.02265625
0 0.9671875 0.87109375 0.00390625 0.01953125
0 0.04765625 0.5078125 0.00859375 0.025
0 0.046875 0.52578125 0.0046875 0.0078125
0 0.05 0.5390625 0.0078125 0.0171875
1 0.15859375 0.8765625 0.00625 0.00546875
0 0.375 0.965625 0.03515625 0.01015625
1 0.58828125 0.853125 0.0046875 0.00546875
1 0.8203125 0.71953125 0.00546875 0.0046875
1 0.30703125 0.70078125 0.0078125 0.00625
2 0.071875 0.575 0.05078125 0.0078125
2 0.11015625 0.58515625 0.01796875 0.01328125
2 0.1359375 0.61171875 0.02734375 0.0375
2 0.165625 0.6734375 0.02265625 0.06015625
2 0.18671875 0.7640625 0.0109375 0.07109375
1 0.33828125 0.45625 0.01796875 0.01328125
1 0.58359375 0.48203125 0.0078125 0.0078125
1 0.85390625 0.41015625 0.00859375 0.00859375
2 0.10546875 0.36328125 0.12890625 0.04375
2 0.27421875 0.33203125 0.18203125 0.0359375
2 0.50703125 0.3015625 0.2515625 0.03125
2 0.7015625 0.3421875 0.040625 0.0578125
2 0.73203125 0.4375 0.01796875 0.07734375