0 0.1640625 0.0640625 0.0421875 0.0234375
0 0.05078125 0.059375 0.0203125 0.0078125
0 0.41796875 0.05 0.02890625 0.00703125
0 0.0421875 0.48125 0.0109375 0.03359375
0 0.06484375 0.96328125 0.02109375 0.021875
0 0.53046875 0.97421875 0.02890625 0.0140625
0 0.96640625 0.5375 0.01875 0.04140625
0 0.9734375 0.17109375 0.00703125 0.01171875
0 0.9671875 0.05234375 0.01171875 0.0109375
2 0.9068912953125 0.260602546875 0.8282143718749999 0.16437180468749998 0.8243950078125 0.1692913828125 0.8989361078125 0.2636357484375 0.9068912953125 0.260602546875
2 0.5523764796874999 0.5564203937500001 0.556373415625 0.5637693421875001 0.733205725 0.5772912703124999 0.732941603125 0.5723482625 0.5523764796874999 0.5564203937500001
2 0.21474822656249998 0.579393478125 0.203543971875 0.5800065921875001 0.24089148906250002 0.7161180765624999 0.2520957453125 0.7185705359375001 0.21474822656249998 0.579393478125
1 0.89921875 0.6875 0.01484375 0.0140625
1 0.61796875 0.7 0.00546875 0.0046875
1 0.56328125 0.2921875 0.009375 0.00859375
2 0.134375 0.19453125 0.0078125 0.078125
1 0.77421875 0.4 0.00703125 0.00625
2 0.5106203234375 0.8631561703124999 0.5195943187500001 0.86580795625 0.5519007015625 0.7659240375 0.5447215046875 0.7632722515625 0.5106203234375 0.8631561703124999