0 0.04453125 0.096875 0.00703125 0.0171875
0 0.04609375 0.1109375 0.01015625 0.00859375
1 0.22578125 0.3734375 0.01328125 0.01171875
1 0.24296875 0.61015625 0.01015625 0.0109375
1 0.42890625 0.60078125 0.0140625 0.01640625
1 0.28984375 0.7953125 0.009375 0.009375
1 0.6234375 0.76484375 0.01484375 0.01953125
1 0.621875 0.4171875 0.00859375 0.0078125
1 0.6046875 0.3859375 0.00703125 0.00625
1 0.8140625 0.2671875 0.01796875 0.01953125
0 0.95078125 0.246875 0.00703125 0.01171875
0 0.95078125 0.2578125 0.00546875 0.00703125
0 0.9515625 0.271875 0.00546875 0.01796875
0 0.9453125 0.6796875 0.00859375 0.01484375
1 0.84375 0.6265625 0.00703125 0.009375
1 0.865625 0.9015625 0.00703125 0.00546875
0 0.9390625 0.95 0.003125 0.00625
0 0.30390625 0.96640625 0.0109375 0.003125
0 0.321875 0.9640625 0.0234375 0.00625
0 0.33828125 0.96484375 0.00703125 0.00625
1 0.54140625 0.1484375 0.009375 0.01171875
1 0.734375 0.08984375 0.00703125 0.00703125
0 0.8140625 0.0359375 0.0109375 0.00625
0 0.8296875 0.0390625 0.01640625 0.0125
2 0.90625 0.49140625 0.0953125 0.015625
2 0.83046875 0.4546875 0.0515625 0.05390625
2 0.7734375 0.38359375 0.0546875 0.0671875
0 0.5296875 0.96484375 0.01015625 0.003125