0 0.95703125 0.1328125 0.01875 0.02890625
1 0.759375 0.20078125 0.00625 0.00703125
1 0.884375 0.44296875 0.00703125 0.00546875
1 0.853125 0.1546875 0.00703125 0.00625
1 0.515625 0.25390625 0.00703125 0.00859375
1 0.253125 0.43515625 0.00703125 0.00703125
0 0.05390625 0.07265625 0.00625 0.00546875
0 0.0546875 0.03671875 0.00546875 0.00625
0 0.209375 0.95859375 0.0109375 0.00625
0 0.3078125 0.9578125 0.03359375 0.0109375
2 0.21328125 0.921875 0.0140625 0.06640625
1 0.196875 0.78671875 0.00390625 0.0046875
1 0.5828125 0.6140625 0.00703125 0.00703125
1 0.54296875 0.78984375 0.00546875 0.00546875
1 0.77578125 0.7390625 0.00546875 0.00546875