2 0.52265625 0.35 0.14921875 0.0421875
2 0.1203125 0.6109375 0.0140625 0.115625
2 0.55859375 0.7125 0.17578125 0.0453125
0 0.18828125 0.96328125 0.0328125 0.01328125
1 0.403125 0.8578125 0.0171875 0.01875
1 0.6953125 0.70390625 0.009375 0.01171875
0 0.76484375 0.95 0.03203125 0.01484375
0 0.95703125 0.80390625 0.01328125 0.0203125
1 0.51640625 0.5125 0.0140625 0.015625
1 0.8890625 0.50234375 0.0125 0.009375
1 0.25078125 0.55546875 0.0171875 0.0140625
1 0.51015625 0.2640625 0.01171875 0.01640625
1 0.27109375 0.19609375 0.015625 0.02265625
1 0.790625 0.1578125 0.021875 0.02421875
0 0.45703125 0.040625 0.0359375 0.0171875
1 0.21640625 0.3859375 0.00859375 0.00859375
1 0.71015625 0.38828125 0.0078125 0.0078125
0 0.87578125 0.03828125 0.03359375 0.0125
1 0.2078125 0.74921875 0.009375 0.00625
1 0.421875 0.70234375 0.00703125 0.00703125
0 0.03671875 0.0609375 0.0140625 0.03203125