2 0.64375 0.27734375 0.0078125 0.053125
2 0.509375 0.4921875 0.01015625 0.021875
2 0.3765625 0.05078125 0.009375 0.05
2 0.62421875 0.19765625 0.0078125 0.01328125
2 0.56875 0.3578125 0.0109375 0.02734375
2 0.44375 0.60234375 0.025 0.02734375
2 0.3734375 0.67734375 0.015625 0.0125
2 0.596875 0.27578125 0.009375 0.01328125
2 0.66796875 0.11953125 0.00859375 0.01953125
2 0.68046875 0.0546875 0.00625 0.040625
1 0.63203125 0.18828125 0.00625 0.00703125
2 0.3734375 0.09609375 0.00703125 0.0328125
2 0.36328125 0.128125 0.01328125 0.028125
2 0.346875 0.153125 0.01640625 0.0203125
2 0.32421875 0.1703125 0.02421875 0.01328125
2 0.296875 0.17890625 0.0265625 0.00703125
2 0.2546875 0.18515625 0.05390625 0.009375
2 0.79296875 0.4609375 0.00625 0.0296875
2 0.79140625 0.4953125 0.0046875 0.01171875
2 0.78671875 0.53125 0.0046875 0.01328125
2 0.678125 0.08828125 0.00859375 0.02421875
1 0.67421875 0.1046875 0.00390625 0.00703125
2 0.65625 0.14140625 0.0140625 0.021875
2 0.6453125 0.16015625 0.0078125 0.01640625
2 0.6375 0.1765625 0.009375 0.01484375
2 0.61875 0.21796875 0.01171875 0.0234375
2 0.60859375 0.2421875 0.0109375 0.025
2 0.58828125 0.296875 0.01015625 0.02421875
2 0.5828125 0.31953125 0.00390625 0.01953125
2 0.57734375 0.33515625 0.009375 0.0109375
2 0.5578125 0.38828125 0.01015625 0.03203125
2 0.5453125 0.41796875 0.01484375 0.02734375
2 0.534375 0.43984375 0.01015625 0.015625
2 0.5234375 0.45703125 0.01015625 0.01875
2 0.496875 0.51796875 0.01484375 0.0265625
2 0.47890625 0.5515625 0.01328125 0.02578125
2 0.465625 0.57734375 0.015625 0.02421875
2 0.42265625 0.63203125 0.02109375 0.0265625
2 0.40703125 0.65078125 0.0125 0.0109375
2 0.39140625 0.6640625 0.01796875 0.01484375
2 0.346875 0.6953125 0.0390625 0.02421875
2 0.29375 0.7265625 0.03203125 0.021875
0 0.853125 0.9640625 0.0296875 0.00625
0 0.875 0.96328125 0.0125 0.00625
0 0.83046875 0.96484375 0.00859375 0.0046875
0 0.68359375 0.02421875 0.00859375 0.00625
1 0.61875 0.9609375 0.00390625 0.0046875
1 0.64453125 0.9671875 0.01015625 0.00703125