1 0.20078125 0.28125 0.0078125 0.00625
1 0.16796875 0.5875 0.009375 0.00859375
1 0.43671875 0.52265625 0.0078125 0.00703125
1 0.54765625 0.77890625 0.01015625 0.00859375
1 0.296875 0.775 0.00625 0.00546875
0 0.4828125 0.96328125 0.03125 0.009375
0 0.6796875 0.96015625 0.01875 0.01640625
0 0.05546875 0.8328125 0.00546875 0.01953125
0 0.05234375 0.753125 0.00390625 0.009375
0 0.0515625 0.7265625 0.003125 0.0046875
1 0.4375 0.15 0.0078125 0.0078125
1 0.71796875 0.31171875 0.009375 0.00859375
1 0.8765625 0.13671875 0.0078125 0.0078125
1 0.88359375 0.64453125 0.00625 0.00546875
2 0.859375 0.3421875 0.021875 0.0703125
2 0.89375 0.41328125 0.0234375 0.02890625
2 0.93984375 0.43671875 0.065625 0.0171875
2 0.9296875 0.63359375 0.078125 0.015625
2 0.84453125 0.659375 0.0734375 0.021875
2 0.7671875 0.66953125 0.0609375 0.01171875
1 0.70546875 0.6765625 0.00390625 0.00546875