1 0.43046875 0.3 0.01171875 0.0109375
1 0.51640625 0.5390625 0.00859375 0.0109375
1 0.7609375 0.4625 0.00703125 0.00703125
1 0.21015625 0.540625 0.00703125 0.009375
0 0.521875 0.028125 0.0265625 0.01171875
1 0.37734375 0.8078125 0.00546875 0.0046875
1 0.62421875 0.8 0.00546875 0.00546875
1 0.7328125 0.74375 0.00703125 0.01015625
0 0.0546875 0.95390625 0.01953125 0.01171875
0 0.03359375 0.409375 0.01171875 0.0390625
0 0.03046875 0.053125 0.0125 0.03359375
0 0.91875 0.03359375 0.03359375 0.00625
0 0.95234375 0.96875 0.015625 0.01015625
1 0.78984375 0.18671875 0.00546875 0.00625
1 0.15 0.16015625 0.00546875 0.00546875