0 0.83359375 0.96484375 0.028125 0.01796875
0 0.50859375 0.03125 0.02734375 0.0078125
0 0.04765625 0.1734375 0.0078125 0.01171875
0 0.0484375 0.278125 0.01328125 0.03515625
1 0.21328125 0.5328125 0.00546875 0.00625
1 0.3859375 0.578125 0.00625 0.00625
1 0.221875 0.1671875 0.00546875 0.00546875
1 0.25859375 0.7734375 0.00625 0.00546875
1 0.56796875 0.2390625 0.0046875 0.00703125
1 0.73515625 0.51796875 0.00703125 0.00703125
1 0.77734375 0.76640625 0.00546875 0.00625
1 0.54375 0.88828125 0.00546875 0.00703125
0 0.92421875 0.04375 0.0078125 0.00625
2 0.055545290625 0.1753435578125 0.1224053640625 0.19320262500000002 0.12189105625 0.18292013125 0.056537432812499996 0.164954646875 0.055545290625 0.1753435578125