1 0.56015625 0.2296875 0.00625 0.00625
1 0.38515625 0.5765625 0.00703125 0.00625
1 0.21015625 0.5359375 0.0078125 0.00546875
1 0.73671875 0.5046875 0.00859375 0.00625
1 0.20703125 0.16953125 0.0046875 0.0046875
1 0.26328125 0.7765625 0.00546875 0.00546875
1 0.5546875 0.88125 0.0046875 0.00546875
1 0.7875 0.7515625 0.00546875 0.0046875
0 0.85078125 0.94765625 0.02890625 0.01796875
0 0.953125 0.17578125 0.00625 0.0265625
0 0.9140625 0.0234375 0.00703125 0.00546875
0 0.94921875 0.02421875 0.00625 0.00546875
0 0.49296875 0.02421875 0.028125 0.0078125
0 0.5140625 0.02265625 0.00390625 0.00625
2 0.07109375 0.18671875 0.06875 0.015625
0 0.03203125 0.18203125 0.00625 0.01171875
0 0.0359375 0.28828125 0.01328125 0.03515625
1 0.44140625 0.65703125 0.00390625 0.003125