0 0.84765625 0.03203125 0.01640625 0.0109375
0 0.615625 0.02734375 0.009375 0.00546875
0 0.40234375 0.028125 0.00859375 0.00390625
0 0.15625 0.03203125 0.009375 0.00234375
0 0.06953125 0.97578125 0.02890625 0.00625
0 0.4734375 0.97578125 0.01171875 0.0046875
0 0.4859375 0.97109375 0.01328125 0.01015625
0 0.50234375 0.97421875 0.0171875 0.0046875
0 0.95390625 0.353125 0.0125 0.01875
0 0.95390625 0.37109375 0.01015625 0.015625
0 0.9578125 0.33125 0.003125 0.01875
0 0.9578125 0.2953125 0.00234375 0.0109375
1 0.8421875 0.83671875 0.003125 0.00390625
1 0.48203125 0.83203125 0.00703125 0.01015625
2 0.5890625 0.80703125 0.01640625 0.19453125
2 0.58515625 0.63984375 0.0125 0.13203125
2 0.57578125 0.534375 0.01796875 0.07109375
2 0.55546875 0.46796875 0.0328125 0.053125
2 0.52734375 0.4125 0.01875 0.04609375
2 0.5140625 0.371875 0.0078125 0.0265625
1 0.8140625 0.7625 0.00546875 0.00625
1 0.2265625 0.14453125 0.00546875 0.00546875
1 0.25078125 0.3984375 0.00546875 0.0046875
1 0.90859375 0.53828125 0.00234375 0.003125