1 0.465625 0.328125 0.01796875 0.0171875
1 0.5375 0.51171875 0.01328125 0.01171875
1 0.5484375 0.715625 0.01953125 0.01328125
1 0.1515625 0.834375 0.015625 0.01796875
1 0.9234375 0.13359375 0.01328125 0.0171875
1 0.82421875 0.459375 0.00625 0.0078125
1 0.8546875 0.7671875 0.01171875 0.0078125
0 0.9546875 0.83125 0.00859375 0.03125
0 0.6359375 0.97109375 0.0515625 0.00859375
0 0.675 0.975 0.0125 0.003125
0 0.59296875 0.97421875 0.0046875 0.003125
0 0.0515625 0.9578125 0.0078125 0.00859375
0 0.05078125 0.028125 0.0046875 0.00390625
1 0.21484375 0.24453125 0.0046875 0.0046875
0 0.30546875 0.02890625 0.01171875 0.00546875
0 0.415625 0.03046875 0.0125 0.00390625
0 0.91484375 0.053125 0.0359375 0.0109375
0 0.97265625 0.0546875 0.025 0.009375
1 0.97890625 0.278125 0.003125 0.00546875
1 0.97890625 0.290625 0.0015625 0.00390625
0 0.971875 0.45390625 0.009375 0.05234375
0 0.8015625 0.97421875 0.0078125 0.00390625
0 0.70703125 0.975 0.00546875 0.00234375
0 0.71953125 0.975 0.00546875 0.00234375