1 0.12578125 0.584375 0.00859375 0.009375
0 0.9546875 0.02265625 0.01015625 0.0203125
1 0.2640625 0.06484375 0.00703125 0.009375
2 0.8234375 0.634375 0.0453125 0.02734375
2 0.76953125 0.53984375 0.06328125 0.159375
1 0.79921875 0.6984375 0.02265625 0.0203125
2 0.74296875 0.296875 0.021875 0.065625
2 0.70546875 0.246875 0.05078125 0.0265625
2 0.875 0.64140625 0.05234375 0.0109375
2 0.94296875 0.62890625 0.0640625 0.01015625
1 0.71015625 0.27421875 0.00546875 0.00703125
1 0.60234375 0.7734375 0.0046875 0.00390625
1 0.565625 0.92734375 0.00546875 0.0046875