1 0.34375 0.17421875 0.015625 0.01953125
1 0.21796875 0.3359375 0.01171875 0.0109375
1 0.51875 0.32890625 0.01015625 0.0140625
2 0.7671875 0.2859375 0.17890625 0.01640625
0 0.63984375 0.04609375 0.02578125 0.009375
1 0.8578125 0.37578125 0.02421875 0.01640625
2 0.875 0.653125 0.02421875 0.18671875
1 0.75546875 0.55234375 0.01171875 0.01015625
1 0.78984375 0.79296875 0.01875 0.02421875
2 0.48046875 0.65859375 0.14609375 0.0125
2 0.16015625 0.70625 0.03515625 0.0328125
1 0.1484375 0.60703125 0.009375 0.009375
2 0.19453125 0.740625 0.0328125 0.03125
0 0.053125 0.5515625 0.01171875 0.0421875
2 0.25703125 0.39921875 0.02734375 0.06328125
2 0.23203125 0.46484375 0.02265625 0.0640625
0 0.06875 0.91796875 0.00859375 0.0515625
0 0.62578125 0.95859375 0.0375 0.01171875
1 0.8515625 0.20625 0.00859375 0.01015625
0 0.05 0.521875 0.00703125 0.00859375