1 0.63125 0.46953125 0.00859375 0.0078125
1 0.5703125 0.334375 0.00703125 0.00625
1 0.14609375 0.82578125 0.00703125 0.00625
2 0.9734375 0.2015625 0.0171875 0.15078125
0 0.959375 0.98046875 0.0046875 0.00859375
2 0.67578125 0.03515625 0.00546875 0.02734375
2 0.65078125 0.03203125 0.00546875 0.021875
2 0.753125 0.03046875 0.00546875 0.01640625
2 0.8984375 0.034375 0.00546875 0.01875
2 0.94921875 0.03828125 0.00625 0.0234375
2 0.784375 0.028125 0.003125 0.01015625
2 0.8265625 0.03046875 0.0046875 0.01015625