0 0.025 0.090625 0.00703125 0.02734375
0 0.02578125 0.04140625 0.0078125 0.01015625
1 0.78515625 0.26640625 0.0046875 0.00546875
1 0.46796875 0.3359375 0.0046875 0.00546875
1 0.20703125 0.30390625 0.00546875 0.00625
0 0.02890625 0.6109375 0.00625 0.01015625
0 0.03203125 0.62421875 0.0109375 0.01328125
0 0.03046875 0.64296875 0.00546875 0.01953125
1 0.25234375 0.79140625 0.0078125 0.00859375
1 0.45078125 0.82421875 0.0078125 0.009375
1 0.49140625 0.553125 0.00625 0.00546875
1 0.9671875 0.94375 0.00390625 0.00859375
0 0.96015625 0.96640625 0.01953125 0.01640625
0 0.665625 0.9765625 0.02421875 0.01171875
0 0.6875 0.97734375 0.0171875 0.00703125
0 0.703125 0.97890625 0.01328125 0.00546875
1 0.32109375 0.9828125 0.00546875 0.003125
0 0.1734375 0.9828125 0.01328125 0.00390625
0 0.0453125 0.98125 0.00625 0.00234375
1 0.78046875 0.4390625 0.01796875 0.03125
0 0.97734375 0.51953125 0.0109375 0.01953125
0 0.97890625 0.53828125 0.00546875 0.015625
1 0.71015625 0.8625 0.0140625 0.01640625
1 0.1546875 0.6125 0.00859375 0.00703125
1 0.87578125 0.72734375 0.00390625 0.00390625
1 0.5328125 0.16171875 0.00625 0.0078125