2 0.28046875 0.21953125 0.02421875 0.053125
2 0.2578125 0.27265625 0.0203125 0.046875
1 0.284375 0.3484375 0.00859375 0.0109375
1 0.48984375 0.2015625 0.00625 0.00625
1 0.67421875 0.31015625 0.01796875 0.01328125
2 0.85390625 0.43125 0.009375 0.13671875
0 0.96796875 0.453125 0.01328125 0.03046875
1 0.73046875 0.54375 0.0171875 0.0140625
1 0.84296875 0.85625 0.0171875 0.01796875
1 0.57109375 0.75859375 0.01484375 0.01484375
0 0.94765625 0.921875 0.01015625 0.01328125
0 0.6765625 0.96328125 0.01640625 0.0078125
0 0.21328125 0.95625 0.02734375 0.01015625
1 0.359375 0.79453125 0.01015625 0.01171875
1 0.18515625 0.77265625 0.01640625 0.01484375
2 0.25 0.721875 0.125 0.02109375
0 0.0390625 0.646875 0.01328125 0.03046875
0 0.0359375 0.5625 0.009375 0.03359375
0 0.04375 0.065625 0.009375 0.034375
0 0.375 0.05546875 0.0296875 0.0109375
0 0.56875 0.0578125 0.01640625 0.0078125
0 0.59375 0.059375 0.01640625 0.009375
0 0.72109375 0.0625 0.028125 0.0078125
0 0.8703125 0.0703125 0.0171875 0.00859375
0 0.9078125 0.0703125 0.01640625 0.00625
1 0.8546875 0.25390625 0.0078125 0.0078125
1 0.5 0.59453125 0.0078125 0.01015625
1 0.10234375 0.8828125 0.00625 0.0078125