0 0.034375 0.11796875 0.0078125 0.03046875
1 0.0375 0.07265625 0.003125 0.00390625
1 0.03828125 0.06875 0.003125 0.003125
0 0.04375 0.03828125 0.01875 0.00390625
0 0.1765625 0.0390625 0.0078125 0.00625
0 0.94453125 0.2359375 0.003125 0.01015625
0 0.94375 0.340625 0.00625 0.0640625
0 0.93359375 0.9484375 0.00546875 0.00546875
0 0.91171875 0.9515625 0.00546875 0.00234375
0 0.70703125 0.9578125 0.00859375 0.00390625
0 0.75390625 0.95625 0.00546875 0.003125
0 0.7734375 0.95625 0.00546875 0.00234375
0 0.6 0.9609375 0.01484375 0.0015625
0 0.6109375 0.96015625 0.003125 0.003125
0 0.64296875 0.96015625 0.0109375 0.0015625
0 0.63359375 0.96015625 0.0046875 0.00234375
0 0.53203125 0.96328125 0.0078125 0.0015625
0 0.33125 0.9609375 0.01796875 0.01015625
0 0.034375 0.95390625 0.02109375 0.01953125
1 0.67890625 0.23515625 0.00703125 0.00625
1 0.62265625 0.2078125 0.00234375 0.003125
1 0.64140625 0.29453125 0.00234375 0.00234375
1 0.7578125 0.58515625 0.00546875 0.00625
1 0.7484375 0.72109375 0.0125 0.00703125
1 0.6765625 0.8953125 0.00234375 0.00390625
1 0.3109375 0.76171875 0.0046875 0.0078125
0 0.71953125 0.9578125 0.0046875 0.00234375
2 0.24609375 0.309375 0.13984375 0.0796875
2 0.38984375 0.3953125 0.1390625 0.08828125
2 0.52890625 0.51171875 0.12109375 0.1296875
2 0.63515625 0.68125 0.08515625 0.20390625