1 0.471875 0.23671875 0.0125 0.01171875
1 0.73125 0.24609375 0.0078125 0.009375
1 0.5828125 0.4921875 0.00859375 0.01171875
1 0.85859375 0.43359375 0.0078125 0.0109375
1 0.28984375 0.69375 0.0109375 0.01171875
1 0.1265625 0.86171875 0.0078125 0.01015625
1 0.57578125 0.85078125 0.009375 0.00859375
1 0.81640625 0.72734375 0.00625 0.0078125
2 0.1 0.371875 0.02109375 0.0109375
2 0.04453125 0.37734375 0.028125 0.00546875
2 0.15234375 0.34921875 0.025 0.01015625
1 0.1171875 0.36328125 0.0078125 0.0078125
1 0.05625 0.0421875 0.02578125 0.00703125
0 0.97890625 0.19140625 0.00703125 0.015625
1 0.30546875 0.33671875 0.00390625 0.00546875