1 0.45703125 0.33125 0.01796875 0.0203125
1 0.5296875 0.50078125 0.015625 0.01171875
1 0.80390625 0.4453125 0.00859375 0.01015625
2 0.70078125 0.53828125 0.06953125 0.0265625
2 0.77421875 0.509375 0.07421875 0.03046875
0 0.94296875 0.421875 0.015625 0.02265625
0 0.9453125 0.44765625 0.009375 0.028125
1 0.89296875 0.13984375 0.015625 0.0203125
1 0.6484375 0.1625 0.009375 0.009375
0 0.8734375 0.06484375 0.01875 0.0109375
0 0.89140625 0.06328125 0.01484375 0.00625
0 0.93671875 0.065625 0.025 0.00859375
1 0.54453125 0.6921875 0.0203125 0.01484375
1 0.840625 0.7328125 0.01484375 0.01015625
0 0.93671875 0.78984375 0.009375 0.03203125
0 0.63046875 0.9296875 0.0453125 0.01015625
1 0.16015625 0.8140625 0.01875 0.0203125
0 0.065625 0.9328125 0.00859375 0.00703125
1 0.23515625 0.58515625 0.01171875 0.0078125
1 0.4 0.121875 0.00703125 0.00859375
2 0.1015625 0.57578125 0.05390625 0.0265625
2 0.14765625 0.53984375 0.0375 0.04453125
2 0.19453125 0.46640625 0.0375 0.078125
0 0.29609375 0.05234375 0.01015625 0.00625
0 0.40234375 0.0515625 0.01328125 0.00546875