2 0.47761641250000003 0.19928421406250002 0.46735504375000003 0.195906575 0.3997232984375 0.355620678125 0.40998466718750004 0.36478855625 0.47761641250000003 0.19928421406250002
2 0.19309665468749998 0.059835948437499994 0.18217719999999998 0.06076372343749999 0.1968280625 0.1293188203125 0.2047573015625 0.1269062203125 0.19309665468749998 0.059835948437499994
2 0.10804562656250001 0.8177472421875001 0.190406684375 0.8086654 0.1920251859375 0.796585725 0.11299316562499999 0.80550605 0.10804562656250001 0.8177472421875001
2 0.870817025 0.7126819671875 0.8633542125 0.7054441671875 0.7798639875 0.7609339625 0.7873268015625 0.7676892421875 0.870817025 0.7126819671875
1 0.54609375 0.32890625 0.015625 0.0203125
1 0.7734375 0.4640625 0.0109375 0.0125
1 0.84765625 0.23359375 0.0171875 0.01796875
1 0.76796875 0.725 0.00703125 0.009375
1 0.5171875 0.58125 0.009375 0.0109375
1 0.2953125 0.69140625 0.01796875 0.01953125
1 0.58203125 0.8546875 0.01015625 0.01015625
1 0.284375 0.81953125 0.00625 0.00625
1 0.15546875 0.58203125 0.00703125 0.00703125
1 0.32890625 0.5109375 0.01171875 0.0125
1 0.30625 0.2921875 0.0078125 0.009375
1 0.13203125 0.13203125 0.00625 0.00859375
0 0.92421875 0.96875 0.01171875 0.00625
0 0.825 0.97109375 0.01953125 0.00546875
0 0.7453125 0.9734375 0.009375 0.00390625
0 0.25390625 0.9703125 0.00625 0.00390625
0 0.1484375 0.965625 0.03984375 0.00625
0 0.04375 0.35859375 0.009375 0.0359375
0 0.04375 0.034375 0.009375 0.0078125
0 0.4828125 0.02421875 0.05 0.009375
0 0.96484375 0.03671875 0.0078125 0.02421875
0 0.96015625 0.321875 0.01640625 0.0203125
0 0.9609375 0.53046875 0.009375 0.03125
2 0.621875 0.05390625 0.0078125 0.0703125
1 0.63671875 0.11015625 0.00625 0.0078125
2 0.65390625 0.1609375 0.01484375 0.06171875
2 0.6625 0.2234375 0.0109375 0.05
2 0.66640625 0.2734375 0.0078125 0.04609375
2 0.6734375 0.3296875 0.01328125 0.05390625
2 0.68203125 0.3984375 0.01328125 0.08125
2 0.6921875 0.47890625 0.0109375 0.07734375
2 0.69921875 0.59375 0.01328125 0.0484375
2 0.6921875 0.64140625 0.00625 0.04140625
2 0.62734375 0.71875 0.02421875 0.0125
2 0.57421875 0.73203125 0.06953125 0.01328125
2 0.43203125 0.0390625 0.00703125 0.03671875
2 0.40740311875 0.11225244375000001 0.42984700625 0.078902321875 0.42611261562499997 0.07542643125000001 0.402224584375 0.107411459375 0.40740311875 0.11225244375000001
2 0.37039403593750003 0.13652458125 0.4039500921875 0.11282254375 0.4002958328125 0.10903473906250001 0.3683894390625 0.1280528671875 0.37039403593750003 0.13652458125
2 0.3046426625 0.159303175 0.3592570296875 0.14026119374999999 0.355926753125 0.13371514843750001 0.3011346203125 0.1511772453125 0.3046426625 0.159303175