0 0.0421875 0.06328125 0.021875 0.034375
2 0.0546875 0.10390625 0.028125 0.04375
2 0.1953125 0.053125 0.053125 0.00625
0 0.37109375 0.04140625 0.00859375 0.00546875
0 0.38984375 0.0421875 0.02578125 0.009375
0 0.47109375 0.03828125 0.0140625 0.00390625
0 0.4859375 0.03828125 0.01328125 0.00390625
0 0.6578125 0.0390625 0.0125 0.00546875
0 0.68125 0.0421875 0.01875 0.01015625
0 0.93828125 0.04921875 0.009375 0.01484375
0 0.94296875 0.3625 0.0046875 0.0078125
1 0.84609375 0.50625 0.0140625 0.01640625
0 0.9390625 0.65 0.00859375 0.0375
0 0.87265625 0.9578125 0.00703125 0.0046875
0 0.7703125 0.96171875 0.015625 0.00546875
0 0.46484375 0.9671875 0.01875 0.009375
0 0.4828125 0.96875 0.015625 0.00703125
0 0.52109375 0.9703125 0.01796875 0.00390625
0 0.2640625 0.96875 0.01328125 0.00859375
0 0.05625 0.9015625 0.00390625 0.02578125
0 0.04296875 0.58125 0.0078125 0.04375
1 0.14609375 0.7265625 0.0125 0.0125
0 0.0359375 0.31171875 0.0046875 0.0546875
1 0.31171875 0.328125 0.01953125 0.01796875
1 0.35390625 0.68671875 0.015625 0.009375
1 0.6453125 0.46484375 0.0109375 0.0109375
1 0.47421875 0.525 0.00546875 0.00625
1 0.5015625 0.78203125 0.0078125 0.0078125
1 0.3609375 0.890625 0.00625 0.00625
1 0.70078125 0.76015625 0.015625 0.0125
1 0.72890625 0.1734375 0.01171875 0.01796875
1 0.50078125 0.30625 0.00546875 0.00546875
1 0.18359375 0.48203125 0.0078125 0.00625