0 0.13125 0.046875 0.02265625 0.00703125
0 0.54453125 0.04375 0.01484375 0.01171875
0 0.9421875 0.78203125 0.0078125 0.0203125
0 0.94140625 0.80234375 0.00625 0.0171875
1 0.175 0.85 0.0109375 0.0125
0 0.06328125 0.9421875 0.003125 0.00859375
0 0.065625 0.953125 0.00703125 0.0109375
0 0.059375 0.825 0.003125 0.0140625
1 0.165625 0.16640625 0.0078125 0.0109375
1 0.4015625 0.26875 0.00859375 0.0078125
1 0.7421875 0.2609375 0.00703125 0.00625
1 0.81328125 0.48203125 0.00703125 0.00625
1 0.60078125 0.446875 0.00625 0.00703125
1 0.7015625 0.6765625 0.00625 0.00625
2 0.0953125 0.3671875 0.08515625 0.0125
2 0.19296875 0.35859375 0.02890625 0.01171875
2 0.22109375 0.384375 0.02734375 0.04140625
2 0.246875 0.4359375 0.025 0.05859375
2 0.265625 0.50703125 0.01640625 0.0828125
2 0.26484375 0.615625 0.0109375 0.046875
2 0.26640625 0.68828125 0.0171875 0.06015625
2 0.29140625 0.73515625 0.0328125 0.03125