1 0.3453125 0.61796875 0.00546875 0.00625
1 0.5359375 0.35 0.00703125 0.0078125
1 0.76953125 0.34375 0.00625 0.009375
1 0.671875 0.71328125 0.00546875 0.00546875
0 0.746875 0.95703125 0.034375 0.01171875
0 0.96484375 0.05 0.01328125 0.01484375
2 0.8890625 0.46953125 0.16171875 0.06875
0 0.06171875 0.05078125 0.0421875 0.00859375
1 0.159375 0.14765625 0.00703125 0.00546875
1 0.1359375 0.478125 0.00703125 0.00703125
1 0.03359375 0.55703125 0.0125 0.02734375
0 0.1734375 0.9578125 0.0203125 0.01171875
1 0.50234375 0.84921875 0.00859375 0.00703125