0 0.05703125 0.0578125 0.0078125 0.0125
1 0.1375 0.38359375 0.00625 0.00546875
1 0.33515625 0.5375 0.00546875 0.00390625
0 0.1015625 0.93984375 0.01484375 0.00390625
0 0.11875 0.9390625 0.01875 0.00625
0 0.4875 0.934375 0.021875 0.009375
0 0.50546875 0.93515625 0.01328125 0.00625
0 0.9375 0.3484375 0.00859375 0.0140625
0 0.9390625 0.36015625 0.00546875 0.00703125
0 0.93828125 0.36875 0.0078125 0.009375
0 0.93984375 0.3796875 0.00625 0.0109375
1 0.7140625 0.390625 0.0046875 0.00390625
0 0.29140625 0.05390625 0.01328125 0.00390625
0 0.4515625 0.0578125 0.02421875 0.00625
0 0.4765625 0.05859375 0.02421875 0.00625
0 0.53828125 0.06015625 0.00703125 0.0046875
2 0.5 0.15546875 0.0046875 0.02734375
2 0.49296875 0.3796875 0.0140625 0.08203125
2 0.4875 0.48671875 0.009375 0.121875
2 0.48203125 0.57734375 0.0109375 0.05390625
2 0.4671875 0.65390625 0.03046875 0.0921875
2 0.4359375 0.7203125 0.03203125 0.034375
2 0.3953125 0.7515625 0.0390625 0.02109375
2 0.33828125 0.775 0.07109375 0.0203125
2 0.27109375 0.7890625 0.05703125 0.01015625
1 0.7921875 0.57734375 0.0046875 0.003125
0 0.93671875 0.22265625 0.003125 0.02265625
0 0.93359375 0.1578125 0.003125 0.0109375
1 0.50703125 0.09375 0.0046875 0.0109375
1 0.509375 0.08203125 0.003125 0.00390625
1 0.5015625 0.13828125 0.00390625 0.00625
1 0.49765625 0.1765625 0.00390625 0.0078125
1 0.496875 0.18515625 0.00390625 0.0078125
1 0.49140625 0.33515625 0.003125 0.00390625