2 0.21171875 0.3546875 0.03046875 0.0546875
2 0.23671875 0.409375 0.01875 0.0515625
2 0.25 0.44609375 0.01015625 0.01953125
1 0.240625 0.45 0.00625 0.00546875
0 0.0546875 0.62890625 0.0125 0.01640625
0 0.05546875 0.64765625 0.01328125 0.0171875
1 0.24453125 0.61953125 0.0078125 0.00859375
2 0.26015625 0.7875 0.09140625 0.01171875
0 0.16796875 0.9390625 0.0171875 0.01015625
0 0.390625 0.94296875 0.009375 0.00546875
2 0.53203125 0.9078125 0.01015625 0.07265625
2 0.521875 0.8359375 0.01015625 0.06875
2 0.51171875 0.78125 0.0109375 0.0390625
2 0.5015625 0.73515625 0.00859375 0.05078125
2 0.49609375 0.69765625 0.00703125 0.021875
2 0.4875 0.63359375 0.00625 0.040625
2 0.478125 0.59765625 0.0125 0.028125
2 0.4625 0.56875 0.01640625 0.02734375
2 0.4453125 0.540625 0.01640625 0.0265625
2 0.42734375 0.48125 0.01015625 0.03203125
2 0.42109375 0.44375 0.0078125 0.040625
2 0.4171875 0.40078125 0.0046875 0.04375
2 0.40546875 0.215625 0.00390625 0.02421875
2 0.41015625 0.2484375 0.00546875 0.0375
2 0.41484375 0.3015625 0.00625 0.06640625
2 0.415625 0.35390625 0.00625 0.034375
1 0.41796875 0.375 0.0046875 0.0046875
1 0.40703125 0.19921875 0.00625 0.00703125
2 0.4140625 0.159375 0.00546875 0.0203125
2 0.4109375 0.1828125 0.0046875 0.02578125
2 0.41484375 0.10078125 0.00390625 0.06328125
1 0.41484375 0.140625 0.00625 0.01484375
2 0.71171875 0.46875 0.0640625 0.02265625
2 0.8203125 0.5078125 0.05625 0.021875
2 0.76796875 0.4890625 0.04609375 0.015625
1 0.74453125 0.6046875 0.00625 0.00546875
2 0.7203125 0.7734375 0.05703125 0.01875
2 0.82578125 0.7421875 0.05078125 0.0171875
2 0.77421875 0.75703125 0.0484375 0.01328125
1 0.76328125 0.8375 0.00546875 0.00625
0 0.59375 0.94140625 0.009375 0.0046875
1 0.43203125 0.503125 0.00625 0.009375
1 0.43515625 0.51484375 0.0046875 0.00546875
1 0.1828125 0.25 0.00703125 0.00625
0 0.515625 0.0421875 0.01484375 0.01171875
0 0.4984375 0.0390625 0.0171875 0.00546875
0 0.52890625 0.03828125 0.01171875 0.0046875
2 0.85390625 0.1734375 0.0140625 0.12421875
1 0.7046875 0.19375 0.01171875 0.01328125
0 0.940625 0.040625 0.02734375 0.00625