2 0.06171875 0.2859375 0.0578125 0.015625
2 0.14375 0.32734375 0.06171875 0.04296875
2 0.38046875 0.35625 0.16640625 0.01796875
2 0.56875 0.3453125 0.203125 0.02890625
1 0.4703125 0.43125 0.00546875 0.0046875
0 0.975 0.440625 0.00546875 0.01171875
0 0.9359375 0.96875 0.01875 0.0078125
0 0.953125 0.96796875 0.0140625 0.0046875
0 0.04453125 0.77890625 0.0046875 0.009375
0 0.0390625 0.6546875 0.00390625 0.009375
0 0.0421875 0.66796875 0.00703125 0.01484375
0 0.04140625 0.68671875 0.00546875 0.02109375
0 0.8421875 0.03515625 0.04375 0.00703125
0 0.975 0.040625 0.00703125 0.0078125
0 0.9765625 0.04921875 0.0046875 0.00703125
0 0.97578125 0.05859375 0.00703125 0.0109375
1 0.36484375 0.70703125 0.00703125 0.0078125
1 0.76953125 0.77578125 0.0046875 0.00703125
2 0.23515625 0.35546875 0.1125 0.0171875