1 0.3890625 0.275 0.0109375 0.01015625
1 0.71328125 0.3046875 0.0078125 0.0078125
0 0.96953125 0.37734375 0.01796875 0.028125
0 0.96953125 0.40234375 0.01640625 0.0203125
1 0.8765625 0.13203125 0.01171875 0.0125
0 0.97265625 0.03046875 0.00703125 0.009375
0 0.97578125 0.04296875 0.00390625 0.00703125
1 0.29609375 0.63359375 0.00546875 0.00703125
1 0.56953125 0.52578125 0.009375 0.0078125
1 0.69765625 0.62578125 0.00703125 0.0078125
1 0.84140625 0.846875 0.0078125 0.00625
0 0.95625 0.8046875 0.02421875 0.040625
1 0.19375 0.7953125 0.0078125 0.00625
1 0.51171875 0.76171875 0.0046875 0.0046875
0 0.35078125 0.959375 0.0328125 0.01796875
0 0.82265625 0.96484375 0.02578125 0.00703125
0 0.9078125 0.9625 0.0140625 0.00859375
0 0.05390625 0.953125 0.00625 0.0109375
2 0.971875 0.30546875 0.01015625 0.003125