1 0.490625 0.478125 0.0078125 0.01015625
2 0.61484375 0.5734375 0.14140625 0.04765625
1 0.44296875 0.79765625 0.01875 0.01484375
1 0.57265625 0.70625 0.00703125 0.0078125
1 0.78359375 0.71796875 0.0140625 0.0109375
1 0.25546875 0.55390625 0.00625 0.0078125
1 0.27734375 0.2765625 0.00859375 0.01015625
1 0.72890625 0.2703125 0.02109375 0.0171875
1 0.38203125 0.22109375 0.009375 0.009375
0 0.4875 0.9578125 0.02265625 0.00546875
0 0.94296875 0.93125 0.01015625 0.0296875
0 0.9515625 0.6015625 0.01171875 0.03671875
1 0.62578125 0.21171875 0.00625 0.00546875
2 0.85390625 0.21171875 0.015625 0.190625
0 0.946875 0.0640625 0.01875 0.01171875
1 0.16640625 0.15390625 0.01640625 0.01953125
0 0.053125 0.04453125 0.015625 0.0109375
2 0.171875 0.70625 0.025 0.13828125
0 0.11484375 0.9578125 0.03046875 0.00625