0 0.38359375 0.025 0.015625 0.00546875
0 0.35 0.02578125 0.0109375 0.00546875
0 0.365625 0.02734375 0.01796875 0.009375
0 0.95078125 0.03515625 0.0078125 0.009375
1 0.85078125 0.1671875 0.0171875 0.01953125
1 0.4578125 0.296875 0.0203125 0.01484375
1 0.1515625 0.24921875 0.01328125 0.009375
0 0.04765625 0.17421875 0.00859375 0.01875
0 0.0453125 0.19296875 0.00546875 0.01640625
0 0.05 0.56015625 0.00859375 0.01875
0 0.05078125 0.58203125 0.00703125 0.0234375
0 0.05 0.6 0.00703125 0.009375
1 0.1953125 0.56875 0.00703125 0.009375
1 0.1140625 0.89375 0.0140625 0.01796875
0 0.071875 0.97109375 0.02578125 0.009375
0 0.1171875 0.97421875 0.015625 0.0046875
0 0.1359375 0.97109375 0.01875 0.0109375
1 0.546875 0.68984375 0.0171875 0.02109375
1 0.47265625 0.5078125 0.015625 0.01328125
0 0.6 0.9765625 0.01484375 0.00546875
2 0.87421875 0.44765625 0.04140625 0.040625
2 0.803125 0.5546875 0.02890625 0.0703125