2 0.0625 0.49140625 0.0421875 0.0140625
1 0.45625 0.1921875 0.0125 0.0125
1 0.403125 0.83828125 0.01796875 0.0140625
0 0.27109375 0.95390625 0.034375 0.01015625
1 0.8640625 0.81015625 0.01171875 0.01484375
1 0.678125 0.72890625 0.00703125 0.009375
1 0.7421875 0.37578125 0.01015625 0.01640625
1 0.87109375 0.16796875 0.0171875 0.0203125
0 0.96484375 0.3015625 0.00703125 0.0453125
0 0.9609375 0.03984375 0.01171875 0.015625
0 0.69609375 0.03359375 0.03515625 0.01171875
0 0.0484375 0.046875 0.01484375 0.01875
2 0.25703125 0.4984375 0.09375 0.0109375
2 0.36171875 0.5046875 0.06328125 0.0109375
1 0.31640625 0.50078125 0.01328125 0.0109375
1 0.16015625 0.4921875 0.02421875 0.0109375
1 0.10390625 0.49140625 0.0140625 0.00859375
1 0.090625 0.4921875 0.009375 0.0078125
1 0.13671875 0.49296875 0.00859375 0.0078125
2 0.4953125 0.50703125 0.196875 0.01171875
0 0.290625 0.034375 0.0109375 0.00546875