0 0.2890625 0.02890625 0.0328125 0.00390625
0 0.3125 0.03046875 0.01171875 0.00625
0 0.3234375 0.03203125 0.00703125 0.009375
0 0.33203125 0.028125 0.00859375 0.00234375
0 0.3390625 0.0296875 0.0046875 0.00546875
0 0.0484375 0.3234375 0.00546875 0.0171875
0 0.0484375 0.3390625 0.00625 0.0125
0 0.39375 0.9640625 0.00859375 0.00546875
0 0.4046875 0.9625 0.01171875 0.00703125
0 0.4140625 0.9640625 0.00546875 0.0046875
0 0.41953125 0.965625 0.00546875 0.00234375
0 0.3859375 0.965625 0.00546875 0.00234375
0 0.95546875 0.0453125 0.00703125 0.00546875
0 0.8375 0.040625 0.0078125 0.00625
0 0.84765625 0.0421875 0.01015625 0.00859375
0 0.85546875 0.04140625 0.003125 0.00625
0 0.8609375 0.0421875 0.00703125 0.00703125
1 0.3546875 0.66796875 0.00625 0.00625
2 0.18359375 0.0921875 0.015625 0.03125
2 0.21953125 0.1390625 0.03359375 0.03125
2 0.29609375 0.20546875 0.02421875 0.021875
2 0.33046875 0.240625 0.025 0.028125
2 0.3703125 0.28125 0.0203125 0.02578125
2 0.41015625 0.33046875 0.02109375 0.03046875