0 0.0421875 0.07890625 0.0109375 0.03671875
2 0.17421875 0.10546875 0.00859375 0.134375
0 0.36953125 0.028125 0.0203125 0.01015625
1 0.571875 0.1109375 0.01328125 0.01484375
2 0.759375 0.05703125 0.021875 0.06796875
2 0.77734375 0.12578125 0.01484375 0.065625
2 0.78984375 0.1890625 0.01328125 0.0578125
2 0.80078125 0.24921875 0.0109375 0.05703125
1 0.74765625 0.2625 0.0078125 0.00859375
0 0.9578125 0.0375 0.021875 0.01796875
1 0.775 0.4359375 0.00703125 0.009375
1 0.796875 0.5078125 0.01640625 0.025
1 0.5359375 0.43125 0.02265625 0.01796875
2 0.34375 0.496875 0.18515625 0.0140625
1 0.19765625 0.35703125 0.0171875 0.021875
0 0.040625 0.47734375 0.0109375 0.02890625
1 0.259375 0.56953125 0.009375 0.0078125
2 0.07578125 0.77734375 0.0703125 0.01796875
2 0.14296875 0.79765625 0.05859375 0.025
2 0.20625 0.82421875 0.06328125 0.03046875
1 0.6296875 0.740625 0.01015625 0.01171875
1 0.4265625 0.7859375 0.009375 0.009375
1 0.5984375 0.6 0.00625 0.00703125
0 0.94609375 0.65234375 0.03203125 0.03984375
1 0.30625 0.15859375 0.00859375 0.00859375
0 0.27890625 0.95625 0.05390625 0.00703125