0 0.23828125 0.03203125 0.0234375 0.009375
0 0.259375 0.0328125 0.015625 0.0125
1 0.5046875 0.1484375 0.00859375 0.0078125
1 0.3328125 0.29609375 0.00859375 0.00625
1 0.6640625 0.39375 0.0078125 0.00625
1 0.8734375 0.5375 0.0140625 0.0171875
0 0.9765625 0.44609375 0.0109375 0.0109375
0 0.9765625 0.4609375 0.009375 0.01484375
0 0.8453125 0.03046875 0.02109375 0.01171875
0 0.90703125 0.02734375 0.01015625 0.003125
0 0.93359375 0.028125 0.0046875 0.003125
0 0.68984375 0.025 0.00859375 0.00390625
1 0.37578125 0.8109375 0.01484375 0.01484375
1 0.24453125 0.6765625 0.0078125 0.00859375
1 0.475 0.66875 0.00703125 0.00625
0 0.06328125 0.96640625 0.0125 0.01328125
1 0.70625 0.68359375 0.01640625 0.0140625
0 0.9234375 0.95703125 0.015625 0.00625
0 0.9453125 0.9546875 0.0234375 0.00703125
1 0.84296875 0.8640625 0.00625 0.00703125
2 0.06875 0.56953125 0.05859375 0.0359375
2 0.13125 0.53828125 0.06015625 0.02578125
2 0.20390625 0.5125 0.06875 0.0203125
2 0.2 0.0328125 0.00234375 0.0078125