1 0.521875 0.484375 0.01171875 0.015625
2 0.69921875 0.540625 0.17890625 0.009375
1 0.60390625 0.64296875 0.00703125 0.00625
1 0.3234375 0.68203125 0.0125 0.01640625
1 0.46484375 0.83984375 0.0140625 0.0109375
0 0.54296875 0.934375 0.0234375 0.00859375
1 0.33984375 0.46171875 0.0078125 0.00703125
1 0.703125 0.33046875 0.00625 0.00625
1 0.334375 0.2375 0.00859375 0.00859375
1 0.61328125 0.1140625 0.01171875 0.0125
2 0.46484375 0.1390625 0.075 0.1890625
0 0.9515625 0.25703125 0.01171875 0.03203125
1 0.83984375 0.49453125 0.00625 0.0078125
0 0.94375 0.809375 0.01015625 0.0171875
0 0.05234375 0.903125 0.00703125 0.0390625
1 0.19921875 0.3625 0.01171875 0.0109375
0 0.04296875 0.0515625 0.01328125 0.0140625