0 0.50390625 0.04375 0.0125 0.00703125
0 0.52265625 0.0453125 0.0234375 0.0109375
0 0.046875 0.62890625 0.009375 0.0234375
0 0.04609375 0.64453125 0.00625 0.00625
0 0.04765625 0.65546875 0.009375 0.01484375
1 0.28203125 0.61328125 0.0046875 0.0046875
0 0.53359375 0.9546875 0.04765625 0.00625
2 0.5125 0.5734375 0.01484375 0.20625
2 0.546875 0.32890625 0.04453125 0.1140625
2 0.65703125 0.22578125 0.1234375 0.03984375
0 0.93515625 0.95234375 0.00859375 0.0125
0 0.70546875 0.95859375 0.01328125 0.0046875
0 0.4578125 0.95390625 0.00625 0.0046875
0 0.8921875 0.05234375 0.021875 0.00703125
0 0.91171875 0.0515625 0.01484375 0.0046875
1 0.86328125 0.62421875 0.0046875 0.00546875
1 0.4953125 0.87421875 0.0046875 0.00703125
1 0.50078125 0.8265625 0.0046875 0.00703125
1 0.50078125 0.834375 0.0046875 0.00703125