0 0.159375 0.05078125 0.03125 0.01875
2 0.2453125 0.1671875 0.05234375 0.01328125
2 0.29765625 0.15234375 0.05078125 0.01796875
1 0.46640625 0.2828125 0.01484375 0.01484375
1 0.36015625 0.53671875 0.009375 0.16328125
1 0.271875 0.73671875 0.01484375 0.0171875
1 0.4859375 0.571875 0.01328125 0.0109375
1 0.640625 0.77109375 0.01796875 0.02109375
0 0.509375 0.96484375 0.02890625 0.00859375
0 0.29765625 0.96484375 0.0453125 0.009375
0 0.07265625 0.82265625 0.00859375 0.02734375
0 0.93984375 0.71953125 0.0125 0.03671875
0 0.9390625 0.81875 0.00703125 0.01328125
1 0.27578125 0.50546875 0.00703125 0.00703125
1 0.22578125 0.2546875 0.00703125 0.0078125
1 0.6171875 0.4375 0.0078125 0.00859375
1 0.446875 0.771875 0.0078125 0.00703125
2 0.90234375 0.8125 0.0625 0.01875
1 0.784375 0.47890625 0.00703125 0.00546875
1 0.73984375 0.2390625 0.00703125 0.00703125