0 0.05703125 0.4859375 0.009375 0.03203125
0 0.06640625 0.68515625 0.015625 0.01796875
0 0.0734375 0.946875 0.00703125 0.021875
0 0.521875 0.95703125 0.02109375 0.00703125
0 0.5375 0.9578125 0.0078125 0.00390625
0 0.55 0.95546875 0.01640625 0.0078125
0 0.95546875 0.9453125 0.00859375 0.00625
0 0.9609375 0.87109375 0.0046875 0.00703125
0 0.9671875 0.63125 0.00625 0.0046875
0 0.96640625 0.65390625 0.00546875 0.01796875
0 0.965625 0.6390625 0.00859375 0.009375
0 0.85859375 0.04296875 0.00859375 0.00390625
0 0.87109375 0.04453125 0.015625 0.00546875
0 0.8890625 0.04453125 0.0203125 0.0046875
0 0.76796875 0.040625 0.00625 0.003125
0 0.28828125 0.040625 0.0046875 0.003125
0 0.2609375 0.040625 0.01015625 0.003125
0 0.17890625 0.04375 0.0203125 0.0046875
0 0.078125 0.04609375 0.01328125 0.00546875
1 0.1796875 0.7671875 0.0171875 0.0171875
1 0.4734375 0.67578125 0.0140625 0.01796875
1 0.70703125 0.709375 0.00703125 0.009375
1 0.68671875 0.5015625 0.01015625 0.0109375
1 0.72265625 0.325 0.0171875 0.01953125
1 0.734375 0.1953125 0.0046875 0.00703125
1 0.43125 0.16171875 0.00859375 0.009375
1 0.24375 0.29453125 0.00546875 0.00546875
1 0.49921875 0.434375 0.00703125 0.00703125
1 0.2453125 0.55 0.0078125 0.01015625
1 0.8609375 0.43203125 0.00546875 0.00546875
1 0.8734375 0.85625 0.00625 0.00625
2 0.39765625 0.92265625 0.0140625 0.07578125
2 0.36484375 0.7921875 0.028125 0.16015625
2 0.33828125 0.61953125 0.03046875 0.16015625
2 0.32109375 0.49140625 0.015625 0.08359375
2 0.32109375 0.39296875 0.01875 0.10546875
2 0.39609375 0.2984375 0.04140625 0.015625
2 0.47578125 0.28203125 0.021875 0.01015625
2 0.59453125 0.91875 0.028125 0.0765625
2 0.6359375 0.865625 0.0515625 0.0265625
2 0.69765625 0.84140625 0.06953125 0.01875
2 0.346875 0.32421875 0.02890625 0.02109375
1 0.38671875 0.87890625 0.00625 0.00625