0 0.0453125 0.2984375 0.00859375 0.04375
1 0.1875 0.1640625 0.0046875 0.00546875
0 0.0921875 0.0421875 0.0140625 0.00703125
1 0.8078125 0.1484375 0.00703125 0.009375
1 0.490625 0.2328125 0.00859375 0.00859375
1 0.728125 0.35859375 0.00703125 0.0078125
0 0.95234375 0.58671875 0.01171875 0.01953125
1 0.54765625 0.64296875 0.00625 0.00703125
1 0.67265625 0.578125 0.0046875 0.00625
1 0.70078125 0.75390625 0.02109375 0.01953125
1 0.31328125 0.48359375 0.00703125 0.0109375
1 0.1609375 0.528125 0.0171875 0.0171875
1 0.2078125 0.809375 0.00703125 0.00703125
0 0.07578125 0.94765625 0.00859375 0.01796875
0 0.07734375 0.978125 0.00703125 0.0046875
0 0.3484375 0.9796875 0.0125 0.00625
0 0.35859375 0.978125 0.00546875 0.00546875
0 0.36953125 0.978125 0.0125 0.00625
0 0.3828125 0.98046875 0.0125 0.00390625
0 0.5859375 0.97734375 0.00703125 0.00546875
0 0.8296875 0.9671875 0.0140625 0.00859375
0 0.84375 0.96875 0.0125 0.0046875
2 0.8453125 0.9484375 0.04453125 0.01171875
2 0.803125 0.95625 0.0359375 0.009375
2 0.75625 0.9609375 0.0515625 0.00703125
2 0.94375 0.92421875 0.01796875 0.00546875
2 0.946875 0.878125 0.0140625 0.0046875
2 0.95 0.7421875 0.0125 0.00390625
2 0.94609375 0.67109375 0.02265625 0.00625
2 0.94921875 0.646875 0.0171875 0.00546875
0 0.07734375 0.96484375 0.01015625 0.0140625