1 0.84453125 0.4328125 0.00546875 0.0046875
1 0.4796875 0.43203125 0.0078125 0.0078125
1 0.22578125 0.29140625 0.00625 0.0078125
1 0.68671875 0.709375 0.01015625 0.01015625
2 0.37734375 0.94375 0.00546875 0.028125
2 0.56015625 0.93828125 0.00703125 0.03828125
2 0.6625 0.84609375 0.04765625 0.01796875
2 0.37109375 0.89375 0.0109375 0.0203125
1 0.36171875 0.87578125 0.00703125 0.00859375
2 0.3484375 0.84921875 0.0046875 0.01640625
1 0.3515625 0.8609375 0.0046875 0.0046875
2 0.340625 0.81171875 0.00625 0.0234375
2 0.3375 0.7796875 0.0078125 0.02578125
2 0.3328125 0.74140625 0.00546875 0.02734375
2 0.29765625 0.41796875 0.01171875 0.0453125
2 0.36640625 0.29765625 0.01796875 0.009375
2 0.5703125 0.9 0.0140625 0.02109375
2 0.59453125 0.875 0.01875 0.01171875
0 0.1640625 0.04375 0.0203125 0.00625
0 0.0484375 0.93984375 0.0078125 0.0203125
0 0.753125 0.0421875 0.0078125 0.00390625
1 0.3296875 0.70078125 0.0046875 0.00390625
0 0.24609375 0.04140625 0.01015625 0.003125
0 0.27265625 0.040625 0.0046875 0.003125