1 0.15625 0.7578125 0.0109375 0.009375
1 0.39921875 0.73671875 0.00703125 0.00703125
0 0.6078125 0.96640625 0.0234375 0.0109375
1 0.73828125 0.6203125 0.009375 0.0078125
1 0.29140625 0.47734375 0.00625 0.00703125
1 0.8140625 0.2296875 0.0078125 0.0109375
2 0.27578125 0.35546875 0.1 0.0109375
2 0.371875 0.35078125 0.08203125 0.009375
2 0.45859375 0.34921875 0.05625 0.00859375
2 0.5578125 0.35703125 0.0515625 0.01328125
2 0.6609375 0.3984375 0.05234375 0.0265625
2 0.70703125 0.42421875 0.021875 0.0171875
2 0.7390625 0.4578125 0.01640625 0.021875
2 0.76796875 0.49609375 0.03203125 0.034375
2 0.80546875 0.5453125 0.01484375 0.02578125
2 0.815625 0.58984375 0.009375 0.03515625
2 0.8359375 0.67734375 0.01171875 0.06015625
2 0.84921875 0.93125 0.01328125 0.04609375
2 0.85625 0.8453125 0.01484375 0.11796875
1 0.11484375 0.1125 0.00703125 0.00703125
1 0.3625 0.11640625 0.00625 0.00546875
1 0.659375 0.42109375 0.0046875 0.0046875
2 0.1921875 0.7921875 0.01640625 0.02265625