2 0.13515625 0.11484375 0.05859375 0.025
2 0.196875 0.14453125 0.0625 0.03515625
0 0.03984375 0.15703125 0.009375 0.02265625
2 0.346875 0.35859375 0.05703125 0.02578125
2 0.28671875 0.384375 0.0578125 0.028125
1 0.45390625 0.47734375 0.0203125 0.02578125
1 0.12265625 0.68125 0.01953125 0.01796875
0 0.059375 0.86015625 0.009375 0.02421875
2 0.50390625 0.9015625 0.115625 0.0125
1 0.3734375 0.7515625 0.01875 0.021875
0 0.359375 0.96796875 0.0390625 0.009375
2 0.83984375 0.6484375 0.01875 0.0546875
2 0.81953125 0.7078125 0.021875 0.06015625
1 0.71640625 0.5921875 0.0125 0.01171875
2 0.72578125 0.3828125 0.02890625 0.15234375
1 0.58046875 0.24296875 0.0125 0.01796875
0 0.94140625 0.346875 0.01796875 0.0375
1 0.2734375 0.57421875 0.0125 0.00859375
1 0.8265625 0.81796875 0.0171875 0.0203125
1 0.31328125 0.15390625 0.00859375 0.01328125
0 0.57578125 0.03828125 0.0171875 0.009375
1 0.528125 0.82734375 0.009375 0.009375
1 0.81796875 0.2421875 0.0109375 0.00859375