0 0.03828125 0.1953125 0.025 0.04296875
0 0.04140625 0.6203125 0.01875 0.05
0 0.659375 0.96640625 0.00859375 0.00625
0 0.7078125 0.96328125 0.0515625 0.01171875
0 0.66484375 0.028125 0.03359375 0.0171875
0 0.08203125 0.0265625 0.0140625 0.00546875
0 0.17265625 0.02421875 0.0265625 0.00625
1 0.1546875 0.14921875 0.0078125 0.00703125
1 0.36796875 0.109375 0.01328125 0.0140625
1 0.49765625 0.23671875 0.0046875 0.0046875
1 0.66953125 0.17109375 0.01875 0.01328125
1 0.8265625 0.2 0.0078125 0.00703125
0 0.97421875 0.18203125 0.00625 0.01171875
1 0.71875 0.36796875 0.00703125 0.00703125
1 0.85859375 0.590625 0.01484375 0.01640625
1 0.440625 0.478125 0.0078125 0.0078125
1 0.3078125 0.378125 0.00703125 0.0078125
1 0.3 0.7015625 0.00703125 0.00859375
1 0.62421875 0.7265625 0.01015625 0.009375
1 0.14296875 0.87109375 0.01171875 0.01171875
0 0.97578125 0.16640625 0.00390625 0.01484375
0 0.05234375 0.96875 0.009375 0.00859375