1 0.24140625 0.3 0.00859375 0.00859375
1 0.509375 0.315625 0.0046875 0.0046875
1 0.74375 0.2859375 0.00859375 0.00859375
1 0.65390625 0.49453125 0.01015625 0.0078125
1 0.6421875 0.4640625 0.003125 0.00390625
1 0.76015625 0.62734375 0.009375 0.00859375
1 0.3453125 0.5125 0.01171875 0.009375
1 0.184375 0.7796875 0.00859375 0.009375
0 0.11640625 0.959375 0.025 0.00703125
0 0.6359375 0.97109375 0.0109375 0.00546875
0 0.71875 0.96953125 0.01796875 0.0078125
0 0.94453125 0.778125 0.00390625 0.01953125
1 0.471875 0.1078125 0.0109375 0.0109375
0 0.06015625 0.03125 0.01171875 0.00546875
1 0.5859375 0.78125 0.01484375 0.01328125