0 0.05390625 0.3609375 0.034375 0.04375
1 0.20703125 0.50234375 0.01796875 0.0265625
1 0.46640625 0.57578125 0.02421875 0.01796875
1 0.2609375 0.7390625 0.009375 0.00859375
1 0.80234375 0.64765625 0.01875 0.0234375
2 0.65625 0.51171875 0.190625 0.0171875
0 0.96015625 0.53046875 0.0140625 0.02890625
1 0.43515625 0.88125 0.015625 0.01484375
0 0.63125 0.95703125 0.01875 0.0109375
0 0.94921875 0.90859375 0.01171875 0.02734375
0 0.0640625 0.95078125 0.02265625 0.01796875
1 0.2296875 0.5734375 0.00859375 0.009375
1 0.3703125 0.26875 0.01328125 0.015625
1 0.74296875 0.4390625 0.0140625 0.01171875
1 0.575 0.221875 0.01015625 0.0109375