2 0.29921875 0.1015625 0.1203125 0.009375
2 0.7375 0.04375 0.0171875 0.0421875
2 0.7546875 0.0875 0.0171875 0.0421875
0 0.60078125 0.0265625 0.0375 0.009375
1 0.84453125 0.5546875 0.0109375 0.00859375
0 0.9671875 0.6703125 0.00625 0.03125
0 0.70234375 0.9578125 0.07109375 0.0125
2 0.23515625 0.88671875 0.06328125 0.01484375
2 0.3015625 0.8984375 0.06796875 0.01171875
2 0.1640625 0.9546875 0.03125 0.009375
1 0.22265625 0.4625 0.01015625 0.009375
2 0.5296875 0.47890625 0.0125 0.03359375
2 0.5125 0.51484375 0.01875 0.03515625
2 0.4953125 0.54609375 0.0140625 0.02578125
2 0.4796875 0.57265625 0.015625 0.02265625
2 0.4640625 0.60078125 0.01640625 0.0296875
1 0.65390625 0.33515625 0.00703125 0.0078125
1 0.415625 0.77109375 0.00703125 0.00625
2 0.5984375 0.6765625 0.0328125 0.03359375
2 0.63828125 0.72265625 0.02421875 0.02734375
2 0.68125 0.76484375 0.0265625 0.028125
2 0.728125 0.80625 0.04609375 0.0421875
2 0.790625 0.85546875 0.05 0.040625