1 0.2296875 0.34296875 0.00703125 0.00703125
1 0.34140625 0.1453125 0.0078125 0.01015625
1 0.29453125 0.565625 0.00859375 0.00703125
1 0.5375 0.82890625 0.00625 0.0078125
1 0.24765625 0.86484375 0.00546875 0.00546875
1 0.6 0.23828125 0.0078125 0.0171875
1 0.8328125 0.24140625 0.0078125 0.00859375
0 0.59765625 0.03046875 0.01484375 0.0078125
1 0.72734375 0.5953125 0.0078125 0.01015625
0 0.95234375 0.35 0.015625 0.03515625
0 0.75390625 0.96875 0.01015625 0.00546875
0 0.8453125 0.96796875 0.01328125 0.00390625