0 0.03828125 0.0546875 0.0109375 0.03515625
0 0.0484375 0.04453125 0.00859375 0.01640625
0 0.3421875 0.03671875 0.025 0.01328125
0 0.31328125 0.03515625 0.03203125 0.00859375
0 0.84296875 0.0359375 0.0171875 0.0046875
0 0.97109375 0.03828125 0.00625 0.003125
0 0.97109375 0.3765625 0.00546875 0.0109375
0 0.971875 0.38671875 0.00390625 0.00859375
0 0.96875 0.3984375 0.01015625 0.01328125
0 0.9703125 0.41171875 0.00546875 0.009375
0 0.95390625 0.90078125 0.0078125 0.021875
0 0.95234375 0.9453125 0.00703125 0.009375
1 0.5578125 0.19609375 0.0078125 0.009375
1 0.75625 0.23125 0.00703125 0.0078125
1 0.78671875 0.7046875 0.0046875 0.0046875
1 0.47421875 0.8359375 0.00390625 0.00390625
1 0.5375 0.67421875 0.00390625 0.00390625
1 0.51484375 0.46484375 0.00390625 0.00546875
0 0.0359375 0.4765625 0.00390625 0.009375
0 0.03984375 0.48828125 0.01015625 0.01171875
0 0.0375 0.5 0.00625 0.00859375
0 0.0546875 0.94921875 0.0046875 0.00546875
1 0.134375 0.290625 0.0046875 0.0046875
1 0.2328125 0.73828125 0.0046875 0.0046875
1 0.84765625 0.41015625 0.00546875 0.0046875