0 0.0359375 0.1671875 0.01328125 0.01640625
0 0.0328125 0.1796875 0.0078125 0.00859375
0 0.0328125 0.18828125 0.0078125 0.00859375
1 0.1390625 0.39765625 0.01875 0.015625
1 0.45 0.25703125 0.01484375 0.01484375
1 0.61640625 0.22890625 0.00859375 0.00703125
1 0.796875 0.2859375 0.021875 0.01484375
1 0.7296875 0.5171875 0.015625 0.0109375
0 0.93984375 0.46796875 0.015625 0.034375
0 0.94296875 0.8734375 0.0125 0.0359375
1 0.82890625 0.790625 0.0265625 0.021875
1 0.49140625 0.89296875 0.01015625 0.01484375
1 0.290625 0.696875 0.0125 0.0078125
1 0.48828125 0.51953125 0.01640625 0.01328125
0 0.18046875 0.96640625 0.02421875 0.0125
0 0.03046875 0.76640625 0.015625 0.03359375
1 0.6078125 0.71328125 0.00546875 0.00625
0 0.92109375 0.07109375 0.02890625 0.0140625
1 0.25546875 0.20625 0.00625 0.009375