1 0.284375 0.13515625 0.01953125 0.01875
2 0.92890625 0.0953125 0.03984375 0.1328125
0 0.9703125 0.6515625 0.00859375 0.03203125
1 0.56171875 0.0859375 0.0171875 0.0203125
1 0.465625 0.46484375 0.0171875 0.02578125
1 0.246875 0.49609375 0.01015625 0.01640625
1 0.6921875 0.54609375 0.015625 0.01640625
1 0.4609375 0.77421875 0.01484375 0.0125
1 0.82265625 0.8234375 0.01328125 0.01171875
0 0.59609375 0.02578125 0.01875 0.00703125
0 0.553125 0.025 0.0078125 0.0046875
1 0.8765625 0.2359375 0.0046875 0.00546875
1 0.878125 0.2125 0.0046875 0.0046875