2 0.46640625 0.58046875 0.10625 0.11484375
2 0.2625 0.35703125 0.12734375 0.01796875
2 0.1890625 0.84609375 0.09140625 0.14140625
2 0.72734375 0.73828125 0.0390625 0.0921875
1 0.6125 0.7296875 0.0046875 0.00390625
2 0.715625 0.23046875 0.13359375 0.04609375
1 0.621875 0.1265625 0.00625 0.00546875
0 0.640625 0.96484375 0.04609375 0.009375
2 0.903125 0.5125 0.034375 0.0078125
2 0.7515625 0.50078125 0.15078125 0.01171875
0 0.96796875 0.4703125 0.00625 0.04765625
0 0.965625 0.5484375 0.0046875 0.00625
0 0.9734375 0.28671875 0.00390625 0.0125
0 0.9703125 0.0375 0.0140625 0.00703125
1 0.83671875 0.5046875 0.015625 0.0046875
1 0.9296875 0.51484375 0.01015625 0.00546875
1 0.8828125 0.509375 0.00625 0.00390625
2 0.58515625 0.49453125 0.16640625 0.00703125
2 0.41640625 0.4828125 0.1640625 0.021875
2 0.28984375 0.44609375 0.0859375 0.05625
2 0.23515625 0.3921875 0.0234375 0.05078125
2 0.20546875 0.29375 0.02421875 0.10703125
0 0.04453125 0.10546875 0.00625 0.0359375
0 0.0484375 0.49765625 0.009375 0.03515625