1 0.26484375 0.25703125 0.0078125 0.0109375
1 0.55859375 0.171875 0.01328125 0.01171875
1 0.7515625 0.3515625 0.0078125 0.00859375
1 0.459375 0.55859375 0.01171875 0.0109375
1 0.25078125 0.7828125 0.02578125 0.0234375
1 0.86796875 0.8484375 0.0203125 0.021875
0 0.04375 0.97578125 0.01171875 0.009375
0 0.021875 0.50625 0.00703125 0.0328125
0 0.74140625 0.01640625 0.02265625 0.00625
0 0.984375 0.0203125 0.0125 0.00546875
0 0.98828125 0.3390625 0.01015625 0.03359375
0 0.990625 0.47109375 0.0046875 0.00703125
0 0.9875 0.5921875 0.00703125 0.00625
0 0.971875 0.96875 0.01484375 0.01640625
0 0.2953125 0.98125 0.040625 0.00625
0 0.26953125 0.9828125 0.009375 0.00390625