0 0.2 0.03515625 0.03984375 0.00859375
1 0.81953125 0.278125 0.01328125 0.01328125
1 0.79140625 0.7625 0.0125 0.0140625
1 0.40703125 0.6796875 0.02421875 0.0234375
1 0.16796875 0.2328125 0.0109375 0.01171875
0 0.05390625 0.89453125 0.01171875 0.01328125
0 0.3765625 0.946875 0.05 0.01171875
0 0.9328125 0.94609375 0.021875 0.0109375
0 0.94453125 0.8171875 0.0125 0.0453125
2 0.53671875 0.18203125 0.09921875 0.02265625
2 0.2109375 0.74765625 0.01875 0.159375
2 0.59375 0.86953125 0.05859375 0.0546875
2 0.10703125 0.55625 0.00546875 0.0484375
0 0.04140625 0.46328125 0.0125 0.0109375
2 0.5484375 0.1 0.07578125 0.13515625
2 0.63359375 0.159375 0.09140625 0.02734375
2 0.6453125 0.08671875 0.0703125 0.1140625
2 0.7328125 0.12890625 0.10234375 0.03203125
2 0.70546875 0.19140625 0.05 0.0890625
2 0.753125 0.278125 0.0421875 0.08203125
2 0.7953125 0.35859375 0.040625 0.07734375
2 0.8546875 0.45234375 0.0765625 0.11015625
2 0.60546875 0.2171875 0.034375 0.08671875
2 0.63671875 0.28203125 0.02265625 0.04609375
2 0.6640625 0.32890625 0.02734375 0.0453125
2 0.6890625 0.37265625 0.02109375 0.0390625
2 0.70546875 0.403125 0.01015625 0.01875
2 0.66875 0.28046875 0.02734375 0.046875
2 0.696875 0.32734375 0.0265625 0.04609375
2 0.740625 0.3953125 0.05625 0.08671875
2 0.2375 0.6203125 0.03515625 0.084375
2 0.23984375 0.53515625 0.02578125 0.08046875
2 0.13203125 0.4203125 0.04921875 0.2171875
2 0.07734375 0.4984375 0.05703125 0.05703125
2 0.1640625 0.59765625 0.10546875 0.1296875
2 0.2625 0.7484375 0.08046875 0.15703125
2 0.32265625 0.87734375 0.034375 0.09921875
2 0.07578125 0.66328125 0.0609375 0.10390625
2 0.15 0.77421875 0.08671875 0.115625
2 0.24921875 0.8859375 0.10703125 0.10546875
2 0.471875 0.809375 0.06484375 0.04453125
2 0.3875 0.5109375 0.08203125 0.05390625
2 0.46953125 0.60234375 0.07890625 0.12734375
2 0.40234375 0.75390625 0.071875 0.06328125
2 0.5296875 0.70390625 0.040625 0.075
2 0.646875 0.8125 0.0453125 0.05625
2 0.54921875 0.27109375 0.0625 0.065625
2 0.603125 0.334375 0.04296875 0.0578125
2 0.65 0.396875 0.0515625 0.065625
2 0.69296875 0.45 0.03046875 0.03359375
2 0.75625 0.52734375 0.0921875 0.11640625
2 0.6328125 0.58984375 0.04296875 0.0328125
2 0.70859375 0.64140625 0.10625 0.06875
2 0.803125 0.69609375 0.07734375 0.04140625
2 0.8859375 0.734375 0.08515625 0.034375
2 0.53828125 0.4046875 0.05859375 0.178125
2 0.45078125 0.1125 0.040625 0.1609375
2 0.5390625 0.51875 0.0578125 0.04140625
2 0.4375 0.4421875 0.096875 0.0765625
2 0.32578125 0.35078125 0.121875 0.10546875
2 0.21796875 0.2421875 0.04453125 0.05390625
2 0.25546875 0.284375 0.0265625 0.025