1 0.16015625 0.18359375 0.0203125 0.021875
1 0.3109375 0.36328125 0.0125 0.0125
1 0.52890625 0.30546875 0.015625 0.01640625
1 0.48515625 0.48359375 0.00546875 0.00546875
1 0.4828125 0.53671875 0.00625 0.00390625
1 0.7453125 0.57890625 0.02890625 0.028125
0 0.946875 0.6046875 0.0125 0.03203125
0 0.8234375 0.9515625 0.0125 0.0109375
2 0.78828125 0.903125 0.034375 0.1078125
2 0.82578125 0.778125 0.040625 0.14140625
2 0.86796875 0.634375 0.04453125 0.14140625
2 0.91875 0.5 0.059375 0.1265625
1 0.8203125 0.396875 0.00625 0.0046875
1 0.36640625 0.73828125 0.0171875 0.0171875
1 0.55625 0.8234375 0.0203125 0.01640625
1 0.8265625 0.20625 0.009375 0.01171875
0 0.38984375 0.04375 0.03203125 0.00859375
0 0.41640625 0.04296875 0.0171875 0.0078125
0 0.03828125 0.08203125 0.00703125 0.0125
0 0.04296875 0.0515625 0.0140625 0.0078125
0 0.03984375 0.065625 0.0078125 0.01796875
1 0.43984375 0.41796875 0.003125 0.00703125
0 0.03828125 0.23984375 0.00703125 0.02734375
0 0.753125 0.04296875 0.01875 0.00390625
1 0.1 0.69765625 0.00703125 0.0078125