1 0.93203125 0.08671875 0.009375 0.01015625
1 0.37578125 0.25703125 0.01015625 0.01015625
1 0.2140625 0.39609375 0.01171875 0.01328125
1 0.61640625 0.559375 0.00625 0.00625
1 0.86875 0.60859375 0.009375 0.009375
1 0.2375 0.60859375 0.0078125 0.0078125
1 0.234375 0.7984375 0.0078125 0.00859375
1 0.71875 0.78125 0.01015625 0.0109375
2 0.37890625 0.04921875 0.01015625 0.04609375
2 0.5625 0.39609375 0.0234375 0.04609375
2 0.5390625 0.44375 0.025 0.0453125
2 0.63359375 0.2265625 0.02734375 0.05546875
2 0.49921875 0.51875 0.01953125 0.03125
2 0.475 0.559375 0.021875 0.03671875
2 0.44296875 0.60234375 0.04140625 0.04453125
2 0.5875 0.34453125 0.02265625 0.05625
2 0.6078125 0.29140625 0.01953125 0.0390625
2 0.68125 0.1390625 0.02421875 0.0453125
2 0.371875 0.09921875 0.01640625 0.0484375
2 0.34921875 0.14375 0.028125 0.02890625
2 0.30703125 0.16640625 0.04609375 0.0203125
2 0.25859375 0.17578125 0.0421875 0.009375
2 0.821875 0.46640625 0.009375 0.034375
1 0.65390625 0.18984375 0.00859375 0.0078125
0 0.7125 0.0265625 0.00859375 0.00703125