0 0.02578125 0.7859375 0.01015625 0.03671875
0 0.0234375 0.10625 0.00703125 0.03046875
0 0.78984375 0.03203125 0.03359375 0.00625
0 0.9671875 0.76171875 0.00625 0.02578125
0 0.9640625 0.78515625 0.0109375 0.01328125
0 0.69375 0.96953125 0.034375 0.0078125
0 0.3640625 0.965625 0.01484375 0.00546875
2 0.5283673484375 0.42419371562499997 0.5204442109375 0.42853738906250005 0.5793001234374999 0.518088578125 0.580971796875 0.5080553437499999 0.5283673484375 0.42419371562499997
2 0.594301815625 0.0239419140625 0.5794061265625 0.0234709078125 0.6323510390625 0.15053664375 0.6432399234374999 0.1476903625 0.594301815625 0.0239419140625
2 0.15082161562500002 0.7506271375 0.1445181 0.7434122828125 0.0765581671875 0.8844524859374999 0.08119805625 0.894184325 0.15082161562500002 0.7506271375
1 0.85546875 0.48125 0.01015625 0.00703125
1 0.26171875 0.60625 0.01015625 0.01015625
1 0.7546875 0.77109375 0.00859375 0.00625
1 0.865625 0.2546875 0.01640625 0.015625
1 0.584375 0.2890625 0.0078125 0.00703125
2 0.0996126375 0.054009871875000004 0.024331676562499998 0.019699965625 0.022071465625 0.025745039062500003 0.0935585671875 0.06310719687500001 0.0996126375 0.054009871875000004
1 0.65859375 0.94453125 0.00625 0.01015625
2 0.66166970625 0.9360531078125 0.6601124640625 0.9003097 0.65432364375 0.9021536765624999 0.6574981546875 0.93608283125 0.66166970625 0.9360531078125
2 0.6476852765625 0.8819823453125 0.6538475796875 0.8989469187499999 0.6586347375 0.8971104234375 0.65272715 0.8764504171875 0.638535196875 0.8559822796875001 0.632372909375 0.857457465625 0.6476852765625 0.8819823453125
2 0.6348247125 0.8534312796875 0.6024447578125 0.8046207515624999 0.5961021421875 0.8077779609375 0.6239358796875 0.85668531875 0.6348247125 0.8534312796875
2 0.59609375 0.790625 0.009375 0.0265625
2 0.5933665890625 0.774748009375 0.57107844375 0.7352486453125 0.5643375015625 0.7371687953125 0.5866344734375 0.7769799265625 0.5933665890625 0.774748009375
2 0.5335545734375 0.66284616875 0.561453775 0.7345583687499999 0.567390334375 0.7320448046875 0.539189378125 0.6609461796875 0.5335545734375 0.66284616875
2 0.5088932609375 0.60072678125 0.533267840625 0.661056125 0.5377201625 0.6590584749999999 0.514327828125 0.5979268578125 0.5088932609375 0.60072678125
2 0.505320721875 0.5464734499999999 0.4930294984375 0.5415870093749999 0.5107480203125 0.5980175546875001 0.5158560578125 0.5956531468749999 0.505320721875 0.5464734499999999
2 0.4734375 0.39609375 0.0125 0.1359375
2 0.4840043140625 0.4684702625 0.473295621875 0.46715491406250004 0.4889120875 0.5366215359375001 0.5005680671875 0.53965048125 0.4840043140625 0.4684702625