1 0.2765625 0.41484375 0.01015625 0.0109375
1 0.409375 0.76171875 0.01015625 0.01328125
1 0.6703125 0.85078125 0.00859375 0.00859375
0 0.41171875 0.95625 0.01484375 0.00703125
0 0.93828125 0.853125 0.00859375 0.02109375
1 0.7875 0.6625 0.00625 0.00703125
1 0.725 0.44453125 0.00859375 0.00703125
1 0.78046875 0.14375 0.0046875 0.00703125
0 0.6515625 0.0375 0.040625 0.00625
0 0.57109375 0.034375 0.01015625 0.00390625
0 0.95625 0.046875 0.0046875 0.00546875
1 0.89453125 0.04921875 0.0046875 0.003125
1 0.4734375 0.1796875 0.0078125 0.00859375
0 0.24375 0.034375 0.01171875 0.0046875
0 0.4046875 0.0328125 0.0140625 0.0046875
1 0.171875 0.7578125 0.00859375 0.00703125
0 0.04921875 0.65390625 0.01484375 0.03359375