2 0.7296875 0.446875 0.15390625 0.06953125
2 0.19765625 0.1359375 0.01484375 0.08515625
0 0.684375 0.9671875 0.01640625 0.01640625
0 0.48203125 0.97265625 0.0296875 0.01015625
0 0.6578125 0.03515625 0.03515625 0.01015625
1 0.3203125 0.2953125 0.01875 0.0140625
1 0.77265625 0.85390625 0.01328125 0.01328125
1 0.5484375 0.784375 0.01171875 0.0078125
1 0.1546875 0.59375 0.01015625 0.0109375
1 0.68203125 0.55546875 0.0171875 0.0125
1 0.43125 0.52578125 0.00859375 0.0078125
1 0.503125 0.3328125 0.0109375 0.01015625
1 0.721875 0.3125 0.01015625 0.009375
0 0.97734375 0.47734375 0.009375 0.015625
0 0.97734375 0.503125 0.0078125 0.02421875
0 0.98046875 0.046875 0.00625 0.009375
0 0.89921875 0.04140625 0.00546875 0.00625
0 0.88125 0.1359375 0.0078125 0.00859375
0 0.43203125 0.146875 0.00859375 0.0078125
2 0.85703125 0.65234375 0.17421875 0.0421875
2 0.596875 0.6953125 0.29609375 0.046875
2 0.37421875 0.67109375 0.12734375 0.08515625