2 0.08828125 0.47421875 0.075 0.153125
2 0.15234375 0.30703125 0.0546875 0.18046875
2 0.1984375 0.16171875 0.03671875 0.11171875
2 0.23515625 0.06328125 0.02890625 0.0859375
2 0.09140625 0.25625 0.015625 0.13359375
2 0.621875 0.50234375 0.0328125 0.16953125
2 0.3578125 0.578125 0.04609375 0.1515625
2 0.81953125 0.13515625 0.10234375 0.021875
1 0.46171875 0.1734375 0.01953125 0.01484375
1 0.646875 0.26953125 0.015625 0.015625
1 0.2609375 0.41640625 0.028125 0.0265625
1 0.4703125 0.703125 0.01484375 0.0140625
1 0.6875 0.6484375 0.0109375 0.009375
1 0.5203125 0.52421875 0.00703125 0.00703125
0 0.5890625 0.9640625 0.046875 0.00859375
0 0.93125 0.9453125 0.0125 0.0375
1 0.825 0.83046875 0.01875 0.01796875
0 0.9421875 0.77734375 0.00625 0.025
1 0.903125 0.32265625 0.00703125 0.00703125
0 0.19453125 0.02421875 0.01171875 0.0109375
1 0.11953125 0.128125 0.0046875 0.00625
0 0.0546875 0.3796875 0.01171875 0.03046875
1 0.16953125 0.79609375 0.01015625 0.01171875
0 0.2375 0.96171875 0.02109375 0.00390625