1 0.21640625 0.4390625 0.00859375 0.0078125
1 0.43359375 0.259375 0.00625 0.00859375
1 0.13359375 0.12109375 0.00625 0.00625
0 0.3484375 0.0203125 0.00859375 0.0046875
0 0.30703125 0.0203125 0.0125 0.0046875
0 0.35859375 0.0203125 0.0078125 0.00546875
1 0.4078125 0.61640625 0.00625 0.00625
1 0.27734375 0.77890625 0.00546875 0.00703125
0 0.3609375 0.97265625 0.040625 0.03125
2 0.69609375 0.91640625 0.034375 0.13828125
0 0.95390625 0.96796875 0.0171875 0.0234375
2 0.57265625 0.79765625 0.05078125 0.0203125
2 0.64453125 0.825 0.02578125 0.0140625
1 0.7390625 0.76484375 0.009375 0.00625
1 0.64609375 0.36015625 0.00703125 0.00703125
1 0.84296875 0.309375 0.00625 0.00859375