0 0.50625 0.021875 0.00859375 0.00390625
0 0.51796875 0.021875 0.0078125 0.003125
0 0.56328125 0.025 0.01484375 0.01015625
0 0.5984375 0.021875 0.01640625 0.003125
0 0.58046875 0.021875 0.0171875 0.00390625
0 0.7734375 0.021875 0.02734375 0.003125
0 0.97578125 0.2640625 0.0078125 0.01875
0 0.97734375 0.3546875 0.00546875 0.0109375
0 0.96484375 0.9078125 0.00703125 0.02734375
0 0.96484375 0.9671875 0.0015625 0.0078125
1 0.78203125 0.83671875 0.00703125 0.00625
0 0.315625 0.971875 0.01328125 0.00859375
0 0.371875 0.9765625 0.015625 0.00234375
0 0.39609375 0.9765625 0.02578125 0.00234375
0 0.43046875 0.97578125 0.0375 0.003125
0 0.053125 0.96640625 0.0046875 0.0125
0 0.03359375 0.0953125 0.00625 0.01015625
0 0.05078125 0.0328125 0.0078125 0.00390625
1 0.28046875 0.25546875 0.00703125 0.00703125
1 0.62265625 0.22890625 0.00703125 0.00859375
1 0.490625 0.3453125 0.00625 0.0078125
1 0.78125 0.4125 0.01015625 0.01328125
1 0.51328125 0.67109375 0.00703125 0.01015625
1 0.1140625 0.5453125 0.0078125 0.0078125
0 0.54609375 0.0234375 0.01796875 0.00625
0 0.53046875 0.02265625 0.0125 0.00625
0 0.03359375 0.1609375 0.00625 0.01640625
0 0.03359375 0.184375 0.0078125 0.0296875
2 0.76640625 0.10859375 0.04609375 0.16640625
1 0.30703125 0.78046875 0.00625 0.00625
0 0.4703125 0.9765625 0.025 0.0046875
0 0.4921875 0.97734375 0.015625 0.00390625
1 0.315625 0.50234375 0.00625 0.00703125
1 0.46015625 0.359375 0.0046875 0.0046875