0 0.3359375 0.0375 0.0203125 0.0078125
0 0.35234375 0.0390625 0.01171875 0.01015625
0 0.03203125 0.27890625 0.00625 0.02265625
1 0.1796875 0.459375 0.01328125 0.015625
1 0.34765625 0.4984375 0.0078125 0.01015625
1 0.55 0.56015625 0.015625 0.0140625
2 0.68828125 0.6328125 0.09140625 0.01953125
2 0.78359375 0.609375 0.09765625 0.0296875
1 0.7640625 0.76484375 0.02421875 0.0234375
1 0.46875 0.82890625 0.009375 0.00703125
1 0.259375 0.74140625 0.01328125 0.009375
0 0.49453125 0.975 0.03125 0.00703125
0 0.94609375 0.9640625 0.01015625 0.0125
0 0.95859375 0.7203125 0.0078125 0.03125
1 0.84375 0.1609375 0.02421875 0.02421875
0 0.96640625 0.05859375 0.015625 0.01640625
1 0.61640625 0.18515625 0.0078125 0.0078125
1 0.35390625 0.27265625 0.01015625 0.00859375
0 0.0359375 0.04140625 0.00546875 0.0125
1 0.796875 0.46796875 0.0078125 0.00703125
0 0.96640625 0.5453125 0.00546875 0.00859375