2 0.51796875 0.071875 0.1484375 0.078125
2 0.67421875 0.1390625 0.1625 0.05703125
2 0.82421875 0.190625 0.134375 0.04765625
2 0.92421875 0.23046875 0.06640625 0.02890625
1 0.58125 0.25390625 0.02890625 0.03125
1 0.81484375 0.45703125 0.01328125 0.0203125
1 0.7234375 0.64296875 0.01484375 0.01796875
1 0.6734375 0.8984375 0.00625 0.00703125
1 0.478125 0.51796875 0.00546875 0.00625
1 0.85859375 0.109375 0.00625 0.00625
0 0.61484375 0.040625 0.03359375 0.01328125
0 0.9546875 0.18671875 0.01015625 0.01015625
2 0.49921875 0.62109375 0.1625 0.02734375
1 0.17890625 0.83359375 0.01796875 0.01875
1 0.275 0.840625 0.00625 0.00546875
1 0.35703125 0.6890625 0.0125 0.01328125
1 0.30078125 0.46796875 0.01484375 0.01484375
1 0.45546875 0.20703125 0.00546875 0.00546875
1 0.20390625 0.1546875 0.01015625 0.01015625
0 0.23359375 0.95078125 0.0265625 0.00625
0 0.06484375 0.9453125 0.03828125 0.0125
0 0.03984375 0.59375 0.01015625 0.04765625
0 0.0359375 0.221875 0.00546875 0.02578125
1 0.14765625 0.35546875 0.00625 0.00703125