2 0.1765625 0.17421875 0.04765625 0.04140625
2 0.22421875 0.13359375 0.0453125 0.0375
0 0.04140625 0.0515625 0.0109375 0.01015625
0 0.15859375 0.04609375 0.0125 0.00546875
0 0.5203125 0.05 0.040625 0.01796875
0 0.95234375 0.4875 0.01328125 0.02734375
0 0.93359375 0.94296875 0.02109375 0.0203125
0 0.4609375 0.959375 0.03203125 0.01015625
0 0.05546875 0.9453125 0.00703125 0.01796875
0 0.05859375 0.8375 0.02421875 0.03984375
2 0.18359375 0.8671875 0.075 0.00546875
0 0.04296875 0.5921875 0.00703125 0.02578125
2 0.55234375 0.3265625 0.0109375 0.08671875
2 0.54296875 0.41640625 0.01328125 0.084375