0 0.03828125 0.18984375 0.0078125 0.02265625
0 0.0375 0.21171875 0.009375 0.0203125
1 0.3515625 0.27109375 0.0265625 0.02890625
1 0.325 0.5359375 0.02109375 0.0203125
1 0.6390625 0.49453125 0.02890625 0.0296875
0 0.55546875 0.02734375 0.0421875 0.01875
0 0.51484375 0.975 0.03203125 0.01015625
1 0.12265625 0.8015625 0.0203125 0.02265625
0 0.95234375 0.04296875 0.01015625 0.03125
1 0.8609375 0.1578125 0.03203125 0.0203125
0 0.9515625 0.60859375 0.00859375 0.04140625
0 0.93515625 0.96640625 0.0140625 0.02421875
2 0.1875 0.453125 0.0140625 0.17109375
2 0.803125 0.5984375 0.071875 0.28671875
0 0.04140625 0.4828125 0.0140625 0.03046875
2 0.27890625 0.1328125 0.20390625 0.0953125
2 0.590625 0.40625 0.11640625 0.12578125
2 0.4640625 0.56328125 0.1296875 0.18125