2 0.2765625 0.1015625 0.140625 0.01171875
2 0.409375 0.41015625 0.015625 0.1859375
2 0.9045499031249999 0.386417884375 0.870238903125 0.2962113609375 0.8638539125 0.2984026546875 0.898852690625 0.38716400625 0.9045499031249999 0.386417884375
2 0.2799294625 0.7805906625000001 0.17716702499999998 0.75373189375 0.17556200625 0.7648402359375 0.2773095953125 0.791470215625 0.2799294625 0.7805906625000001
2 0.61402358125 0.7727832546875 0.5423657140625 0.7315880734375 0.532531040625 0.7369740796875 0.6058440671875001 0.77976293125 0.61402358125 0.7727832546875
0 0.06015625 0.04453125 0.046875 0.009375
0 0.30703125 0.0390625 0.0484375 0.009375
0 0.0375 0.12890625 0.00703125 0.025
0 0.971875 0.04609375 0.01484375 0.01171875
0 0.97578125 0.11015625 0.01015625 0.01328125
0 0.95859375 0.9375 0.0078125 0.02109375
0 0.9375 0.9671875 0.00546875 0.0046875
0 0.75078125 0.96796875 0.0453125 0.00859375
0 0.0375 0.66953125 0.00234375 0.01328125
1 0.14296875 0.69375 0.009375 0.0078125
1 0.44609375 0.66796875 0.01484375 0.0171875
1 0.27109375 0.47890625 0.0203125 0.015625
1 0.49921875 0.51171875 0.0078125 0.01171875
1 0.5234375 0.7171875 0.00546875 0.00390625
1 0.3953125 0.77734375 0.0078125 0.00859375
1 0.1859375 0.89140625 0.00546875 0.00546875
1 0.7546875 0.75234375 0.01015625 0.01015625
1 0.77109375 0.5046875 0.0203125 0.02421875
1 0.76640625 0.303125 0.0078125 0.0078125
1 0.5890625 0.365625 0.00703125 0.00546875
1 0.48046875 0.2203125 0.01640625 0.0296875
1 0.328125 0.28125 0.0109375 0.01015625
2 0.8960062656250001 0.1809236984375 0.8460376265624999 0.17404073281250002 0.7955791 0.1646995625 0.7328733578125 0.144542303125 0.725035140625 0.15142526875 0.75393856875 0.1622413609375 0.846527515625 0.1833819015625 0.9714491109375001 0.1961645546875 0.9743884421875 0.187315025 0.9660603359375 0.187315025 0.9400962390625001 0.18485682187500002 0.8960062656250001 0.1809236984375
1 0.1859375 0.1984375 0.01328125 0.01640625
0 0.95859375 0.9609375 0.00546875 0.01484375
0 0.94453125 0.04296875 0.03671875 0.009375