0 0.0453125 0.553125 0.01015625 0.04765625
1 0.140625 0.609375 0.00703125 0.00703125
1 0.44609375 0.47421875 0.00546875 0.00546875
1 0.2125 0.32890625 0.0125 0.0109375
1 0.52890625 0.1875 0.00703125 0.00703125
1 0.70078125 0.35625 0.00703125 0.00625
1 0.8609375 0.1921875 0.009375 0.01015625
1 0.76328125 0.553125 0.0109375 0.009375
1 0.540625 0.69296875 0.0046875 0.00546875
1 0.35546875 0.7640625 0.00703125 0.00625
1 0.625 0.84296875 0.00546875 0.0046875
1 0.875 0.7546875 0.00546875 0.00390625
0 0.61796875 0.97890625 0.01640625 0.00625
0 0.63203125 0.97734375 0.01171875 0.009375
0 0.64375 0.9796875 0.01015625 0.00546875
0 0.09453125 0.9765625 0.01875 0.0046875
0 0.0609375 0.94140625 0.0046875 0.0375
0 0.05390625 0.8484375 0.003125 0.0078125