1 0.2734375 0.17578125 0.01875 0.01953125
1 0.59140625 0.58515625 0.01640625 0.015625
1 0.3765625 0.79140625 0.0109375 0.01328125
1 0.7765625 0.73125 0.009375 0.01015625
1 0.753125 0.37890625 0.01953125 0.01640625
0 0.68125 0.028125 0.02578125 0.0109375
2 0.8875 0.04453125 0.00625 0.03125
1 0.1640625 0.465625 0.01015625 0.0109375
0 0.83359375 0.028125 0.0078125 0.0046875
2 0.4765625 0.09453125 0.04375 0.12578125
2 0.4234375 0.1859375 0.0625 0.0546875
2 0.37265625 0.23046875 0.0375 0.0359375
1 0.68671875 0.6 0.0046875 0.00546875