0 0.6125 0.04140625 0.05234375 0.0140625
0 0.9390625 0.64921875 0.0109375 0.04375
1 0.7828125 0.4484375 0.0109375 0.01171875
1 0.7640625 0.55 0.00703125 0.00703125
1 0.70703125 0.66015625 0.01328125 0.0140625
0 0.4609375 0.95546875 0.03671875 0.009375
0 0.38203125 0.95234375 0.03125 0.01328125
0 0.35 0.9515625 0.01484375 0.0125
0 0.36171875 0.9546875 0.00859375 0.00390625
1 0.30859375 0.3625 0.01015625 0.01015625
1 0.78984375 0.23125 0.01015625 0.01015625
0 0.053125 0.54921875 0.0171875 0.06875
2 0.14296875 0.85 0.07734375 0.125
2 0.1484375 0.590625 0.025 0.353125
2 0.290625 0.86953125 0.053125 0.1015625
1 0.275 0.7140625 0.00703125 0.009375
2 0.259375 0.2078125 0.2421875 0.1265625
2 0.309375 0.59375 0.1390625 0.08828125
2 0.44296875 0.6765625 0.12265625 0.07265625
2 0.30625 0.42578125 0.28515625 0.03984375
2 0.67109375 0.23828125 0.13046875 0.1390625
2 0.759375 0.08046875 0.0953125 0.075
2 0.103125 0.4015625 0.11484375 0.0125
2 0.52421875 0.475 0.14375 0.05859375
2 0.66484375 0.55078125 0.134375 0.08828125
2 0.4125 0.5515625 0.06015625 0.16640625
2 0.3484375 0.72890625 0.06015625 0.171875
2 0.60390625 0.74140625 0.196875 0.05390625
2 0.7953125 0.3703125 0.11171875 0.12109375
2 0.8875 0.4875 0.06875 0.1046875
2 0.87421875 0.2015625 0.1265625 0.16640625