2 0.4921875 0.35546875 0.01953125 0.20234375
1 0.559375 0.54765625 0.0203125 0.02734375
1 0.48984375 0.80625 0.02578125 0.01875
0 0.35078125 0.9578125 0.04140625 0.03359375
1 0.25546875 0.64765625 0.0203125 0.01640625
1 0.63046875 0.203125 0.0234375 0.01953125
0 0.51015625 0.0375 0.0296875 0.0125
0 0.9046875 0.0453125 0.03203125 0.0125
0 0.9484375 0.3765625 0.01171875 0.0203125
1 0.86796875 0.57734375 0.015625 0.01640625
2 0.8484375 0.775 0.20390625 0.06015625
0 0.9359375 0.94609375 0.01953125 0.02265625
1 0.72421875 0.7515625 0.0109375 0.009375