1 0.325 0.47734375 0.0140625 0.01171875
1 0.759375 0.4453125 0.01640625 0.025
2 0.52734375 0.62109375 0.04375 0.09375
1 0.68359375 0.66484375 0.00625 0.00703125
2 0.3921875 0.23515625 0.1453125 0.01328125
1 0.2703125 0.153125 0.01796875 0.01796875
2 0.7375 0.21640625 0.01328125 0.09296875
1 0.6875 0.86015625 0.01171875 0.01328125
0 0.659375 0.97109375 0.04765625 0.009375
0 0.92265625 0.9546875 0.01953125 0.03359375
0 0.94375 0.53515625 0.009375 0.02734375
0 0.05390625 0.096875 0.00703125 0.02578125
2 0.1828125 0.4234375 0.0859375 0.0078125
0 0.04921875 0.63984375 0.00703125 0.01015625
0 0.0515625 0.61171875 0.0109375 0.02421875
2 0.20625 0.82578125 0.09453125 0.0453125
1 0.2578125 0.78359375 0.0046875 0.0078125
1 0.4671875 0.34296875 0.00703125 0.00703125
1 0.22265625 0.30703125 0.00625 0.00546875
1 0.1671875 0.60625 0.0078125 0.00703125
1 0.44375 0.81875 0.00859375 0.0109375
1 0.4859375 0.55546875 0.00625 0.00625