2 0.2890625 0.1671875 0.15078125 0.0265625
1 0.19765625 0.45 0.01875 0.0234375
0 0.0265625 0.4984375 0.00859375 0.021875
2 0.4171875 0.5828125 0.0234375 0.0671875
2 0.4421875 0.65859375 0.03359375 0.078125
1 0.7421875 0.734375 0.0203125 0.0265625
2 0.79921875 0.8578125 0.19453125 0.015625
0 0.40859375 0.965625 0.0390625 0.01484375
1 0.28515625 0.7984375 0.0140625 0.01875
2 0.13671875 0.80234375 0.02265625 0.11328125
0 0.07109375 0.96796875 0.01796875 0.01328125
1 0.85703125 0.16640625 0.02265625 0.0203125
0 0.965625 0.053125 0.0109375 0.01796875
1 0.734375 0.27890625 0.01171875 0.009375
2 0.88984375 0.484375 0.01171875 0.103125
1 0.5296875 0.496875 0.01328125 0.01484375
1 0.29375 0.58359375 0.01015625 0.01171875
0 0.946875 0.94375 0.01328125 0.01953125