2 0.11171875 0.2140625 0.03203125 0.02421875
2 0.18203125 0.16640625 0.0390625 0.02265625
2 0.21953125 0.14375 0.034375 0.02421875
2 0.14453125 0.18984375 0.03359375 0.021875
0 0.51640625 0.03046875 0.03828125 0.01015625
2 0.6625 0.22421875 0.01015625 0.06875
2 0.653125 0.2921875 0.01328125 0.06328125
0 0.9078125 0.02890625 0.040625 0.0078125
1 0.6796875 0.46171875 0.00625 0.00625
2 0.7875 0.68359375 0.02421875 0.06484375
2 0.76484375 0.7515625 0.02578125 0.06875
1 0.878125 0.62421875 0.00625 0.00546875
2 0.25625 0.72421875 0.0421875 0.0203125
2 0.30390625 0.74453125 0.04921875 0.02109375
0 0.05703125 0.6359375 0.01015625 0.02421875
0 0.05859375 0.66171875 0.01015625 0.02265625
0 0.54765625 0.96953125 0.05078125 0.0078125
0 0.72109375 0.97265625 0.01484375 0.0046875
0 0.95546875 0.96640625 0.00859375 0.01328125
2 0.6265625 0.225 0.0515625 0.02578125
2 0.575 0.26484375 0.025 0.03359375
2 0.55234375 0.30234375 0.01953125 0.0375
2 0.5390625 0.34375 0.01171875 0.040625
2 0.53203125 0.38671875 0.009375 0.0390625
2 0.52734375 0.44609375 0.0109375 0.06875
2 0.52265625 0.5171875 0.0078125 0.06953125
2 0.51796875 0.728125 0.01171875 0.08984375
2 0.5140625 0.803125 0.0078125 0.05625
1 0.5078125 0.88671875 0.00625 0.00859375
1 0.50234375 0.9328125 0.0046875 0.0125
1 0.51328125 0.84140625 0.0046875 0.01640625
1 0.51953125 0.678125 0.003125 0.00546875
1 0.290625 0.61953125 0.00546875 0.00546875