0 0.04375 0.11015625 0.00703125 0.0171875
0 0.04375 0.1265625 0.00546875 0.01328125
1 0.5796875 0.28984375 0.00546875 0.00625
0 0.95 0.778125 0.00859375 0.0125
0 0.9515625 0.7484375 0.0046875 0.01328125
0 0.9515625 0.7625 0.0046875 0.01328125
0 0.76640625 0.0265625 0.03125 0.00625
0 0.065625 0.803125 0.0078125 0.015625
0 0.0671875 0.821875 0.009375 0.01953125
0 0.39609375 0.984375 0.00703125 0.0046875
0 0.390625 0.98515625 0.00390625 0.00390625
0 0.7046875 0.975 0.03046875 0.0078125
2 0.66953125 0.93828125 0.0109375 0.0828125
2 0.6453125 0.86875 0.03671875 0.04921875
2 0.60546875 0.8 0.03984375 0.0859375
2 0.56875 0.7234375 0.02890625 0.06171875
2 0.5421875 0.66015625 0.02265625 0.06015625
2 0.51171875 0.5703125 0.03671875 0.11796875
2 0.48125 0.44375 0.01796875 0.1078125
1 0.284375 0.62109375 0.00625 0.00703125
1 0.753125 0.77265625 0.00625 0.00703125