0 0.67578125 0.03203125 0.03203125 0.02109375
0 0.696875 0.96640625 0.053125 0.0140625
0 0.64921875 0.96953125 0.00859375 0.0078125
1 0.6203125 0.72890625 0.01015625 0.01171875
1 0.13828125 0.86171875 0.01015625 0.01171875
1 0.29921875 0.69609375 0.00625 0.009375
1 0.85546875 0.59765625 0.01484375 0.0171875
1 0.4421875 0.47734375 0.0078125 0.009375
1 0.3140625 0.3734375 0.00859375 0.01015625
1 0.72265625 0.3734375 0.00859375 0.0078125
1 0.165625 0.14296875 0.0078125 0.009375
1 0.83125 0.209375 0.00703125 0.0078125
1 0.50546875 0.2375 0.0078125 0.00625
0 0.9796875 0.1875 0.00859375 0.028125
0 0.04609375 0.9578125 0.009375 0.009375
0 0.0421875 0.61015625 0.01796875 0.05078125
0 0.04765625 0.18515625 0.0265625 0.04375
0 0.0953125 0.01796875 0.0140625 0.0078125
0 0.184375 0.01875 0.02578125 0.0078125