1 0.44765625 0.17578125 0.009375 0.01171875
1 0.2359375 0.240625 0.00859375 0.009375
1 0.646875 0.3078125 0.009375 0.009375
1 0.540625 0.584375 0.0078125 0.00703125
0 0.05234375 0.04140625 0.034375 0.00859375
0 0.97265625 0.34140625 0.00859375 0.05078125
0 0.9734375 0.2328125 0.00546875 0.009375
0 0.97421875 0.21484375 0.003125 0.0078125
0 0.97421875 0.1609375 0.003125 0.00625
0 0.97265625 0.115625 0.00390625 0.00625
0 0.05546875 0.94765625 0.0078125 0.025
0 0.184375 0.96171875 0.04140625 0.00625
0 0.04140625 0.578125 0.00703125 0.01171875
2 0.4889192953125 0.8329427968750001 0.4802320296875 0.822731375 0.381362784375 0.9050479093750001 0.385085884375 0.91525933125 0.4889192953125 0.8329427968750001
2 0.5412569671874999 0.5206817625 0.5294397421875 0.5120828687500001 0.415707171875 0.6367806234375 0.428993284375 0.6463580906249999 0.5412569671874999 0.5206817625
2 0.6372209703125 0.0830682625 0.6165428875 0.025486210937499996 0.6096501937500001 0.0249074953125 0.6504319546875 0.1528033234375 0.6581862203125 0.1548288140625 0.6372209703125 0.0830682625
2 0.817496521875 0.3180303484375 0.8029705859374999 0.31563607031249996 0.7601799640625 0.4795288484375 0.7696046421875 0.48584819218749997 0.817496521875 0.3180303484375
2 0.1168466 0.3923136265625 0.1161893296875 0.40090048281249996 0.238908184375 0.41624719062500004 0.2377586109375 0.4066916921875 0.1168466 0.3923136265625
2 0.854161096875 0.6795888390625 0.8409750828125 0.6542637906250001 0.6835668781249999 0.6426391625 0.35166521875 0.665896378125 0.348769321875 0.6839657109374999 0.689747828125 0.6600760890624999 0.854161096875 0.6795888390625