1 0.50390625 0.53671875 0.009375 0.01171875
1 0.4234375 0.29375 0.009375 0.01015625
1 0.71171875 0.74609375 0.009375 0.0109375
1 0.7421875 0.46171875 0.00625 0.00625
1 0.60546875 0.8015625 0.00625 0.00625
1 0.365625 0.80625 0.00859375 0.0078125
0 0.921875 0.97734375 0.0171875 0.0109375
0 0.9 0.03125 0.034375 0.00859375
0 0.515625 0.02109375 0.02734375 0.00859375
0 0.0359375 0.4 0.0140625 0.0421875
0 0.0484375 0.95234375 0.0171875 0.01328125
1 0.20625 0.53515625 0.00546875 0.0078125
1 0.77265625 0.18359375 0.0078125 0.00703125
1 0.15234375 0.1484375 0.00625 0.00625