1 0.66484375 0.4203125 0.00625 0.00703125
1 0.40546875 0.740625 0.00859375 0.009375
1 0.09296875 0.82109375 0.00546875 0.00625
2 0.86328125 0.8171875 0.0078125 0.034375
2 0.825 0.5953125 0.0125 0.0421875
2 0.26484375 0.35859375 0.05625 0.009375
2 0.4 0.3515625 0.0625 0.0078125
2 0.671875 0.4 0.0453125 0.025
2 0.7125 0.42578125 0.03359375 0.02578125
2 0.765625 0.48515625 0.0234375 0.0296875
2 0.33046875 0.3546875 0.07109375 0.00625
2 0.46015625 0.35078125 0.053125 0.00703125
2 0.515625 0.35078125 0.0484375 0.0078125
2 0.56328125 0.3578125 0.04296875 0.01171875
2 0.74296875 0.45390625 0.01953125 0.0265625
2 0.7984375 0.52578125 0.0359375 0.04609375
2 0.84609375 0.69296875 0.01015625 0.0328125
2 0.859375 0.77265625 0.009375 0.053125
2 0.865625 0.8515625 0.00546875 0.01796875
2 0.8671875 0.87421875 0.0078125 0.01328125
2 0.865625 0.903125 0.00859375 0.03671875
2 0.859375 0.940625 0.0078125 0.03125
2 0.06953125 0.83125 0.02421875 0.00703125
2 0.1296875 0.853125 0.046875 0.0234375
1 0.81796875 0.22890625 0.0046875 0.00546875