2 0.603125 0.18984375 0.0203125 0.11796875
2 0.34765625 0.51796875 0.0171875 0.228125
2 0.3515625 0.7484375 0.02265625 0.22578125
2 0.29765625 0.93125 0.01875 0.06015625
0 0.43125 0.04921875 0.0109375 0.00625
1 0.69375 0.64921875 0.009375 0.00625
0 0.6640625 0.95625 0.040625 0.00625
1 0.82109375 0.4578125 0.0109375 0.0078125
1 0.4265625 0.5484375 0.00625 0.00546875
1 0.76328125 0.25078125 0.00859375 0.0078125
1 0.18046875 0.82265625 0.00859375 0.00625
0 0.9578125 0.07265625 0.00625 0.03203125
0 0.040625 0.1890625 0.00625 0.04375
0 0.0515625 0.0546875 0.0265625 0.00625