0 0.36640625 0.021875 0.0296875 0.0109375
0 0.0453125 0.18046875 0.009375 0.0359375
0 0.05 0.5578125 0.009375 0.02109375
0 0.13046875 0.9671875 0.0359375 0.01171875
0 0.071875 0.96796875 0.02265625 0.00703125
0 0.978125 0.0234375 0.0078125 0.009375
1 0.87421875 0.15859375 0.0171875 0.0203125
1 0.46953125 0.2921875 0.01953125 0.0140625
1 0.153125 0.246875 0.0125 0.00859375
1 0.48515625 0.503125 0.01484375 0.0109375
1 0.56171875 0.6859375 0.01796875 0.01796875
0 0.390625 0.01875 0.01640625 0.00703125
0 0.05 0.584375 0.0078125 0.03125
1 0.11640625 0.8890625 0.01328125 0.01796875