1 0.53125 0.43828125 0.0125 0.00859375
1 0.39765625 0.57578125 0.00390625 0.0046875
1 0.54921875 0.73125 0.0140625 0.0125
1 0.559375 0.88515625 0.00390625 0.00546875
1 0.2765625 0.77578125 0.00546875 0.0046875
1 0.22734375 0.5328125 0.00625 0.00625
0 0.059375 0.27734375 0.01171875 0.0375
0 0.0546875 0.33046875 0.00234375 0.00546875
0 0.05703125 0.1703125 0.00625 0.01328125
2 0.0953125 0.1765625 0.06796875 0.0171875
0 0.51484375 0.01796875 0.0375 0.0078125
0 0.7265625 0.021875 0.053125 0.009375
0 0.921875 0.0265625 0.00625 0.00390625
0 0.95546875 0.028125 0.00546875 0.00390625
0 0.95703125 0.03515625 0.00390625 0.00390625
0 0.95625 0.1796875 0.00546875 0.028125
0 0.8453125 0.95546875 0.0265625 0.01640625
1 0.7859375 0.75859375 0.00390625 0.0046875
1 0.74140625 0.50859375 0.0078125 0.00546875
1 0.57265625 0.22890625 0.00546875 0.00546875
1 0.22890625 0.16015625 0.00546875 0.00390625