0 0.04921875 0.3125 0.00625 0.034375
0 0.04765625 0.290625 0.003125 0.009375
0 0.04765625 0.53203125 0.00234375 0.01015625
0 0.046875 0.54609375 0.00234375 0.0109375
0 0.059375 0.9671875 0.00625 0.00390625
2 0.11640625 0.95546875 0.003125 0.0296875
2 0.140625 0.96484375 0.00234375 0.0125
0 0.15078125 0.9703125 0.0046875 0.0015625
0 0.171875 0.9703125 0.00546875 0.003125
1 0.315625 0.9734375 0.01171875 0.00390625
0 0.328125 0.97109375 0.01328125 0.009375
0 0.72265625 0.97421875 0.01796875 0.0046875
0 0.74140625 0.97265625 0.01953125 0.00703125
0 0.946875 0.834375 0.00546875 0.01328125
0 0.94296875 0.84921875 0.01171875 0.015625
0 0.89375 0.0421875 0.0078125 0.009375
0 0.90546875 0.040625 0.0140625 0.00625
0 0.9609375 0.04296875 0.00546875 0.00625
1 0.2203125 0.27890625 0.009375 0.009375
1 0.6375 0.221875 0.01171875 0.0140625
1 0.846875 0.55390625 0.01015625 0.01015625
1 0.72890625 0.83359375 0.01796875 0.01875
2 0.51640625 0.9234375 0.025 0.10859375
2 0.5484375 0.85078125 0.03046875 0.028125
2 0.609375 0.8 0.05390625 0.04375
1 0.58828125 0.63515625 0.00625 0.0078125
1 0.246875 0.634375 0.01953125 0.01484375
1 0.38203125 0.865625 0.00703125 0.00703125
1 0.41171875 0.43046875 0.015625 0.01484375