2 0.2109375 0.4703125 0.103125 0.01796875
2 0.32578125 0.4890625 0.11640625 0.021875
1 0.67578125 0.24765625 0.00859375 0.0109375
1 0.8390625 0.47578125 0.00859375 0.009375
2 0.72578125 0.446875 0.01484375 0.0421875
2 0.73828125 0.49609375 0.0140625 0.05234375
2 0.765625 0.25 0.06015625 0.0140625
2 0.8265625 0.2375 0.059375 0.0109375
0 0.65546875 0.04375 0.0203125 0.0125
0 0.9546875 0.0515625 0.02109375 0.0203125
2 0.2671875 0.06953125 0.00859375 0.03515625
2 0.2671875 0.1140625 0.009375 0.04140625
2 0.2734375 0.15703125 0.0140625 0.03984375
2 0.28828125 0.19765625 0.0171875 0.03828125
2 0.3078125 0.2421875 0.01953125 0.0375
2 0.3265625 0.28046875 0.015625 0.03515625
2 0.3421875 0.31953125 0.01640625 0.0390625
2 0.3578125 0.3609375 0.0171875 0.0390625
2 0.38125 0.4125 0.01640625 0.03046875
2 0.396875 0.440625 0.0140625 0.0203125
2 0.42265625 0.4765625 0.0234375 0.02734375
2 0.4484375 0.50546875 0.0265625 0.02890625
2 0.48046875 0.53515625 0.02109375 0.0171875
2 0.50078125 0.55546875 0.0203125 0.0203125