0 0.1328125 0.02578125 0.0140625 0.00703125
0 0.14609375 0.0265625 0.01171875 0.00546875
0 0.1609375 0.02421875 0.009375 0.0046875
0 0.171875 0.0234375 0.01015625 0.003125
0 0.10546875 0.0234375 0.0046875 0.0015625
0 0.09609375 0.025 0.01328125 0.003125
0 0.08203125 0.02578125 0.01015625 0.00546875
0 0.071875 0.028125 0.00859375 0.009375
0 0.06796875 0.646875 0.01796875 0.025
1 0.415625 0.61328125 0.00703125 0.00859375
1 0.515625 0.359375 0.0078125 0.00546875
1 0.73828125 0.278125 0.00703125 0.00546875
1 0.3171875 0.184375 0.0046875 0.00703125
1 0.765625 0.69140625 0.00546875 0.00546875
1 0.62265625 0.84296875 0.0078125 0.00546875
0 0.8453125 0.03828125 0.0046875 0.00546875
0 0.85625 0.03984375 0.009375 0.0046875
0 0.865625 0.03984375 0.00703125 0.00546875
0 0.871875 0.040625 0.00390625 0.00703125
0 0.87734375 0.040625 0.00546875 0.00546875
0 0.97578125 0.046875 0.00703125 0.009375
0 0.765625 0.9703125 0.02890625 0.00546875
0 0.2234375 0.9609375 0.00859375 0.00390625
0 0.23203125 0.96171875 0.0046875 0.00546875
0 0.23984375 0.9609375 0.0109375 0.00703125
1 0.2515625 0.9609375 0.00703125 0.00390625
1 0.19453125 0.846875 0.00390625 0.0046875
0 0.615625 0.028125 0.01796875 0.003125
2 0.68984375 0.08359375 0.01796875 0.11015625
1 0.12890625 0.30078125 0.00703125 0.00859375
1 0.29609375 0.43203125 0.0078125 0.0078125