1 0.0421875 0.6171875 0.01015625 0.0234375
1 0.15078125 0.6640625 0.0078125 0.01171875
1 0.34140625 0.61875 0.015625 0.015625
1 0.38828125 0.7515625 0.00859375 0.0109375
0 0.22109375 0.96640625 0.03046875 0.0140625
0 0.109375 0.9640625 0.0453125 0.0109375
1 0.77109375 0.82734375 0.01171875 0.009375
0 0.95390625 0.96484375 0.02421875 0.01171875
1 0.753125 0.171875 0.0125 0.01171875
1 0.89453125 0.10390625 0.00625 0.00703125
1 0.53125 0.28828125 0.00859375 0.0078125
1 0.2484375 0.140625 0.009375 0.0109375
1 0.584375 0.67109375 0.0046875 0.00625
0 0.05 0.8546875 0.01015625 0.01171875
0 0.0578125 0.865625 0.02109375 0.00859375
0 0.053125 0.88203125 0.00859375 0.02109375
2 0.1296875 0.8703125 0.11796875 0.01796875
2 0.25078125 0.8625 0.12109375 0.021875
2 0.37890625 0.84140625 0.1328125 0.03125
2 0.4890625 0.8015625 0.06484375 0.05390625
2 0.54609375 0.75390625 0.04609375 0.03828125
2 0.5859375 0.70703125 0.028125 0.046875
2 0.6140625 0.65703125 0.02578125 0.05
2 0.640625 0.58984375 0.02109375 0.06171875
2 0.653125 0.51171875 0.01328125 0.090625
2 0.65625 0.4375 0.00703125 0.05546875
2 0.65390625 0.31875 0.00703125 0.10078125
2 0.65234375 0.23203125 0.00625 0.05390625
2 0.65625 0.13203125 0.015625 0.0546875
2 0.66953125 0.06484375 0.01171875 0.07734375
1 0.8859375 0.3640625 0.00625 0.0078125