1 0.15078125 0.15625 0.0125 0.0109375
1 0.328125 0.71171875 0.0078125 0.0078125
1 0.56171875 0.60859375 0.0078125 0.009375
1 0.5234375 0.8265625 0.0078125 0.00859375
1 0.7453125 0.7546875 0.0078125 0.00859375
1 0.74375 0.40390625 0.01171875 0.0125
2 0.65 0.07734375 0.01484375 0.0890625
2 0.6578125 0.178125 0.01484375 0.04765625
2 0.265625 0.28515625 0.02578125 0.04140625
2 0.39921875 0.25625 0.0484375 0.01640625
2 0.62421875 0.2171875 0.0484375 0.03203125
2 0.5703125 0.24296875 0.05390625 0.0203125
2 0.5078125 0.259375 0.065625 0.015625
2 0.31640625 0.253125 0.0390625 0.015625
1 0.35390625 0.24765625 0.00546875 0.00234375
1 0.65703125 0.12890625 0.00546875 0.00859375
1 0.66015625 0.1484375 0.0046875 0.00703125
0 0.046875 0.03359375 0.01953125 0.0078125
0 0.17578125 0.0296875 0.015625 0.003125