2 0.325182234375 0.4726219828125 0.315519196875 0.46952137031249996 0.2722455921875 0.6466992453125 0.2819086296875 0.65511519375 0.325182234375 0.4726219828125
2 0.8824470218749999 0.1299684984375 0.7795051281250001 0.14071719062500002 0.77967773125 0.1551878390625 0.8824470218749999 0.1405871625 0.8824470218749999 0.1299684984375
2 0.4578875375 0.11392335312499999 0.343077978125 0.116059415625 0.341727278125 0.1267397296875 0.4572121875 0.12389164687500001 0.4578875375 0.11392335312499999
1 0.49453125 0.51796875 0.01875 0.0171875
1 0.7296875 0.51171875 0.0171875 0.01328125
1 0.7953125 0.27578125 0.025 0.01875
1 0.4546875 0.2515625 0.01875 0.0171875
1 0.26484375 0.20546875 0.00625 0.0109375
1 0.15859375 0.4015625 0.02109375 0.01953125
1 0.309375 0.6953125 0.01796875 0.0109375
1 0.825 0.7828125 0.02578125 0.025
1 0.50390625 0.884375 0.01484375 0.01875
0 0.05234375 0.17890625 0.0140625 0.03671875
0 0.06875 0.7671875 0.01640625 0.03359375
0 0.2140625 0.95625 0.021875 0.01484375
0 0.934375 0.8609375 0.0140625 0.02421875
0 0.93515625 0.459375 0.01875 0.0390625
0 0.92109375 0.0484375 0.03046875 0.01796875
2 0.315625 0.87734375 0.0828125 0.01171875
2 0.6372803515625 0.44458196406250006 0.623478384375 0.45123359687500003 0.6579904812499999 0.6013171828125 0.6719698015625 0.5974943703125 0.6372803515625 0.44458196406250006