2 0.415625 0.234375 0.0296875 0.1375
2 0.478125 0.68671875 0.10546875 0.021875
2 0.75078125 0.56796875 0.04609375 0.06171875
2 0.7234375 0.48671875 0.1453125 0.05390625
2 0.57421875 0.4453125 0.1515625 0.03046875
2 0.4390625 0.41875 0.11484375 0.02578125
2 0.31796875 0.39140625 0.1265625 0.0375
2 0.21171875 0.3515625 0.059375 0.0296875
2 0.13359375 0.321875 0.0703125 0.021875
2 0.21640625 0.91640625 0.09375 0.01875
2 0.759375 0.0859375 0.0609375 0.12578125
1 0.57578125 0.8671875 0.0140625 0.0140625
0 0.60546875 0.9671875 0.03515625 0.0046875
0 0.65234375 0.96640625 0.03359375 0.00546875
1 0.5953125 0.70078125 0.00625 0.00625
1 0.29765625 0.5078125 0.00703125 0.00625
1 0.62734375 0.33828125 0.0109375 0.01484375
1 0.60703125 0.08046875 0.0109375 0.0140625
1 0.74921875 0.2828125 0.00625 0.00546875
0 0.96484375 0.57265625 0.00703125 0.025
0 0.95703125 0.89296875 0.0046875 0.0109375
0 0.0796875 0.034375 0.0078125 0.00546875
0 0.053125 0.0390625 0.04140625 0.01015625
0 0.03359375 0.4265625 0.00703125 0.046875
0 0.06796875 0.965625 0.015625 0.0046875
1 0.22265625 0.7921875 0.00546875 0.00546875
1 0.08046875 0.5296875 0.00625 0.00546875
2 0.0625 0.31328125 0.021875 0.0046875
1 0.0921875 0.3125 0.0109375 0.0046875
1 0.175 0.33515625 0.0109375 0.00625
1 0.2484375 0.36875 0.0109375 0.00703125