2 0.0953125 0.17421875 0.0109375 0.1046875
0 0.03203125 0.2828125 0.009375 0.0265625
1 0.17890625 0.4609375 0.01328125 0.01640625
2 0.29296875 0.59140625 0.025 0.07578125
2 0.3171875 0.66796875 0.0265625 0.0734375
1 0.2578125 0.73828125 0.0125 0.01015625
1 0.465625 0.825 0.01015625 0.009375
0 0.49140625 0.96875 0.0328125 0.009375
1 0.75859375 0.7609375 0.02421875 0.02578125
0 0.953125 0.71640625 0.009375 0.0328125
0 0.940625 0.95859375 0.01171875 0.0140625
2 0.78515625 0.60625 0.08125 0.02421875
2 0.69140625 0.6296875 0.10234375 0.02109375
1 0.54453125 0.559375 0.015625 0.015625
2 0.47109375 0.21171875 0.025 0.18359375
1 0.8375 0.16640625 0.025 0.025
0 0.9578125 0.065625 0.01796875 0.01796875
1 0.35078125 0.2765625 0.0109375 0.0109375
0 0.33203125 0.0453125 0.0171875 0.009375
0 0.34921875 0.046875 0.0109375 0.01171875
0 0.03671875 0.05 0.00703125 0.01328125
1 0.6109375 0.18984375 0.00859375 0.00859375
1 0.34453125 0.4984375 0.01015625 0.009375