0 0.33671875 0.046875 0.03671875 0.0171875
1 0.80546875 0.16484375 0.01953125 0.0171875
2 0.88125 0.50390625 0.0109375 0.12109375
1 0.72890625 0.63515625 0.0265625 0.01875
1 0.46484375 0.5515625 0.0234375 0.021875
2 0.3640625 0.6921875 0.0515625 0.11796875
1 0.6609375 0.88515625 0.0171875 0.0171875
0 0.83125 0.95078125 0.021875 0.01015625
2 0.3734375 0.271875 0.14765625 0.0296875
1 0.578125 0.28125 0.0109375 0.01015625
1 0.2375 0.42265625 0.01484375 0.01015625
1 0.04140625 0.42890625 0.0078125 0.01640625
2 0.15 0.80859375 0.03203125 0.0609375
2 0.12265625 0.86875 0.01953125 0.0578125
0 0.16484375 0.9625 0.01953125 0.01015625
1 0.5578125 0.73515625 0.01015625 0.01171875
1 0.15703125 0.69296875 0.01015625 0.00859375
0 0.94375 0.6515625 0.009375 0.0390625
1 0.8078125 0.47734375 0.01015625 0.0078125