1 0.290625 0.3546875 0.00625 0.00546875
1 0.68515625 0.36484375 0.00703125 0.00703125
1 0.2375 0.69921875 0.0078125 0.0078125
2 0.90859375 0.77578125 0.10703125 0.02890625
2 0.79296875 0.77890625 0.121875 0.03203125
1 0.7640625 0.928125 0.0109375 0.02109375
1 0.74140625 0.85234375 0.01171875 0.0203125
1 0.5546875 0.68828125 0.009375 0.00703125
1 0.609375 0.7234375 0.00703125 0.00546875
1 0.653125 0.75390625 0.00625 0.00546875
0 0.03125 0.2078125 0.01171875 0.02578125
0 0.03203125 0.9421875 0.00703125 0.00859375
0 0.03515625 0.95 0.01015625 0.0046875
0 0.03046875 0.90078125 0.00546875 0.00703125
0 0.76953125 0.95546875 0.015625 0.02265625
0 0.86875 0.96328125 0.00625 0.0046875
0 0.971875 0.20703125 0.00625 0.02734375