1 0.1640625 0.15390625 0.0203125 0.01796875
1 0.30234375 0.553125 0.0140625 0.01875
1 0.50859375 0.53671875 0.01328125 0.015625
1 0.68828125 0.46015625 0.0203125 0.01796875
1 0.86328125 0.65078125 0.00859375 0.0078125
1 0.8875 0.8921875 0.0171875 0.0140625
0 0.9640625 0.87109375 0.0109375 0.01875
0 0.965625 0.8890625 0.00546875 0.015625
0 0.9625 0.93359375 0.009375 0.02578125
0 0.5609375 0.9546875 0.015625 0.00859375
0 0.571875 0.95625 0.00390625 0.0046875
0 0.5796875 0.9546875 0.01015625 0.00625
0 0.59609375 0.9515625 0.021875 0.0140625
0 0.1921875 0.95859375 0.0140625 0.0078125
0 0.20859375 0.9609375 0.01796875 0.0046875
0 0.03984375 0.63125 0.00703125 0.015625
0 0.0421875 0.6546875 0.01015625 0.02890625
0 0.03046875 0.0515625 0.0078125 0.00625
2 0.41171875 0.06171875 0.01171875 0.04375
2 0.42265625 0.09921875 0.01640625 0.03125
2 0.459375 0.140625 0.05546875 0.04921875
2 0.55234375 0.196875 0.0671875 0.028125
2 0.61875 0.21953125 0.03984375 0.015625
0 0.975 0.29609375 0.0046875 0.01328125
1 0.56953125 0.81328125 0.00859375 0.00703125
1 0.2625 0.8578125 0.0078125 0.01171875
1 0.90390625 0.40078125 0.01015625 0.00625
1 0.415625 0.2328125 0.00859375 0.0109375