1 0.1578125 0.15 0.0078125 0.00703125
1 0.303125 0.14140625 0.00703125 0.00625
1 0.4390625 0.2953125 0.00625 0.0078125
1 0.215625 0.2796875 0.01640625 0.0125
1 0.57421875 0.1984375 0.02265625 0.0171875
1 0.52265625 0.53515625 0.009375 0.0109375
1 0.2171875 0.53671875 0.00703125 0.00625
1 0.28046875 0.7484375 0.0234375 0.0140625
1 0.6296875 0.7953125 0.00859375 0.00859375
1 0.384375 0.80625 0.00625 0.00390625
0 0.06015625 0.95703125 0.0171875 0.01171875
0 0.03984375 0.403125 0.01328125 0.0390625
0 0.03828125 0.04296875 0.0125 0.034375
0 0.53046875 0.0203125 0.028125 0.0078125
0 0.95 0.96328125 0.015625 0.01171875
1 0.8421875 0.859375 0.0171875 0.01875
1 0.7359375 0.73984375 0.00859375 0.009375
1 0.76328125 0.4578125 0.00859375 0.0078125
0 0.9203125 0.0296875 0.03203125 0.00703125
1 0.79296875 0.18125 0.00546875 0.00546875