0 0.0578125 0.1859375 0.0140625 0.025
1 0.315625 0.29765625 0.00859375 0.01484375
1 0.12890625 0.50390625 0.0140625 0.0109375
1 0.48828125 0.5 0.0140625 0.0171875
1 0.74453125 0.46015625 0.01796875 0.015625
1 0.49140625 0.74921875 0.01328125 0.01796875
1 0.7171875 0.81953125 0.015625 0.02421875
1 0.22734375 0.85078125 0.021875 0.02890625
0 0.1484375 0.9671875 0.03515625 0.0125
0 0.53984375 0.96640625 0.03515625 0.01640625
0 0.9296875 0.9515625 0.0125 0.028125
1 0.60625 0.13984375 0.01796875 0.02109375
1 0.2484375 0.03203125 0.03359375 0.015625