0 0.03984375 0.0421875 0.0109375 0.01171875
0 0.03671875 0.1546875 0.0078125 0.01640625
0 0.0359375 0.175 0.00625 0.01953125
1 0.24375 0.203125 0.00625 0.00859375
0 0.284375 0.03828125 0.01640625 0.00859375
0 0.3015625 0.0375 0.015625 0.00859375
0 0.85546875 0.0453125 0.015625 0.009375
0 0.9703125 0.190625 0.01171875 0.01484375
0 0.97265625 0.1734375 0.00625 0.015625
0 0.971875 0.159375 0.0078125 0.0109375
1 0.621875 0.3609375 0.00625 0.00546875
1 0.5328125 0.51015625 0.02109375 0.0203125
1 0.23828125 0.490625 0.01796875 0.0125
1 0.3265625 0.665625 0.00546875 0.00546875
1 0.140625 0.8734375 0.01796875 0.015625
0 0.2125 0.9609375 0.0109375 0.00390625
0 0.23671875 0.96015625 0.03671875 0.00625
0 0.95234375 0.9421875 0.0078125 0.00703125
0 0.95234375 0.89140625 0.01328125 0.01640625
1 0.43515625 0.30546875 0.00703125 0.00703125
1 0.6125 0.15859375 0.00625 0.00703125
1 0.434375 0.8390625 0.0203125 0.01484375