1 0.425 0.165625 0.01015625 0.01171875
1 0.23515625 0.29609375 0.00703125 0.00859375
1 0.715625 0.33203125 0.01796875 0.0203125
1 0.490625 0.43828125 0.01015625 0.01171875
1 0.678125 0.50703125 0.0140625 0.01328125
0 0.95546875 0.6515625 0.01171875 0.03515625
2 0.5671875 0.725 0.071875 0.15
1 0.46171875 0.678125 0.015625 0.01953125
1 0.1640625 0.7671875 0.01796875 0.01796875
0 0.04921875 0.68359375 0.01875 0.01953125
0 0.04296875 0.48515625 0.0109375 0.0328125
1 0.23359375 0.55078125 0.01171875 0.0140625
0 0.06953125 0.04609375 0.015625 0.00703125
0 0.1703125 0.04453125 0.0171875 0.00625
0 0.87265625 0.0546875 0.04609375 0.00703125
1 0.69609375 0.7140625 0.01015625 0.0109375
0 0.521875 0.9578125 0.04609375 0.01328125
2 0.5765625 0.92578125 0.0234375 0.06953125
2 0.64765625 0.859375 0.10390625 0.0421875
2 0.36640625 0.84609375 0.04375 0.1125
2 0.3328125 0.659375 0.0265625 0.1
2 0.315625 0.53203125 0.02421875 0.115625
2 0.30859375 0.4125 0.0203125 0.1109375