0 0.34609375 0.05390625 0.0359375 0.01640625
1 0.24296875 0.18125 0.00625 0.0078125
0 0.04765625 0.42734375 0.00859375 0.015625
1 0.2453125 0.42421875 0.01640625 0.009375
1 0.1609375 0.6875 0.0078125 0.0078125
0 0.16640625 0.95 0.02109375 0.00859375
1 0.66171875 0.88203125 0.01640625 0.0171875
0 0.83125 0.94765625 0.02265625 0.0078125
0 0.94921875 0.6546875 0.0078125 0.03984375
0 0.95625 0.15703125 0.0046875 0.015625
1 0.81640625 0.17421875 0.01953125 0.01640625
1 0.47109375 0.553125 0.02109375 0.01875
1 0.5875 0.2875 0.0078125 0.0078125
1 0.5609375 0.7328125 0.00546875 0.0078125
1 0.734375 0.6375 0.0234375 0.0171875
1 0.81640625 0.4828125 0.00859375 0.0078125
1 0.38984375 0.209375 0.00625 0.0046875