1 0.34609375 0.31484375 0.0078125 0.009375
1 0.2421875 0.46328125 0.0125 0.009375
1 0.6890625 0.74375 0.009375 0.0078125
1 0.33828125 0.6921875 0.0078125 0.0078125
1 0.15390625 0.7765625 0.00859375 0.009375
2 0.77109375 0.090625 0.028125 0.103125
2 0.77578125 0.221875 0.03203125 0.12421875
1 0.759375 0.14921875 0.00625 0.01015625
2 0.88828125 0.2421875 0.0546875 0.0203125
1 0.93046875 0.2328125 0.02421875 0.01328125
1 0.846875 0.25703125 0.028125 0.01640625
1 0.809375 0.27734375 0.0234375 0.01875
1 0.7875 0.2953125 0.01953125 0.01953125
1 0.678125 0.43984375 0.00703125 0.0078125
1 0.7140625 0.3859375 0.00859375 0.00859375
1 0.7625 0.32421875 0.009375 0.0109375
0 0.95859375 0.22734375 0.02421875 0.0140625
0 0.19296875 0.93671875 0.02265625 0.01171875
0 0.1828125 0.040625 0.0296875 0.00703125
0 0.9390625 0.94296875 0.01015625 0.00703125