0 0.61953125 0.0484375 0.0328125 0.01328125
1 0.86484375 0.115625 0.00390625 0.0046875
0 0.96171875 0.19140625 0.01015625 0.01171875
1 0.82265625 0.4640625 0.0140625 0.01796875
1 0.73203125 0.65 0.01640625 0.01640625
1 0.36484375 0.6984375 0.01328125 0.01328125
1 0.1890625 0.84296875 0.0203125 0.01875
0 0.06015625 0.9546875 0.0078125 0.0109375
0 0.0734375 0.9578125 0.01796875 0.00546875
0 0.0890625 0.959375 0.01171875 0.0046875
0 0.234375 0.96015625 0.00703125 0.00546875
0 0.24765625 0.96015625 0.01796875 0.0046875
0 0.48515625 0.9625 0.01953125 0.003125
0 0.95859375 0.6796875 0.0046875 0.03671875
2 0.91875 0.23125 0.0953125 0.0375
2 0.815625 0.19140625 0.1109375 0.040625
2 0.71171875 0.15703125 0.09296875 0.03046875
2 0.61484375 0.1234375 0.096875 0.03671875
2 0.50625 0.07265625 0.1171875 0.0640625
1 0.5875 0.2625 0.02734375 0.03046875
1 0.20859375 0.16484375 0.01015625 0.01015625
0 0.040625 0.2359375 0.0046875 0.025
1 0.309375 0.47890625 0.015625 0.015625
1 0.4859375 0.52734375 0.00546875 0.0046875
1 0.4203125 0.57109375 0.00546875 0.00234375
1 0.540625 0.528125 0.0046875 0.00390625
1 0.23203125 0.60546875 0.003125 0.003125
0 0.04453125 0.58359375 0.0046875 0.01015625
0 0.04609375 0.59296875 0.00703125 0.00703125
0 0.046875 0.60546875 0.00859375 0.01796875
0 0.046875 0.62265625 0.00703125 0.0140625
1 0.775 0.7390625 0.003125 0.00390625
1 0.684375 0.90546875 0.00546875 0.0046875
1 0.4609375 0.21640625 0.00546875 0.00625