0 0.059375 0.17109375 0.0078125 0.01484375
0 0.0734375 0.94609375 0.0109375 0.00859375
0 0.5796875 0.959375 0.02578125 0.00625
2 0.95234375 0.05390625 0.00390625 0.021875
0 0.9625 0.25546875 0.00390625 0.009375
0 0.9625 0.35 0.00390625 0.01171875
2 0.275 0.3078125 0.07734375 0.10546875
2 0.2 0.196875 0.05546875 0.10078125
2 0.140625 0.09296875 0.05234375 0.08984375
2 0.3375 0.39140625 0.04453125 0.05625
2 0.3328125 0.2953125 0.034375 0.11015625
2 0.3453125 0.875 0.17578125 0.02421875
2 0.10625 0.82890625 0.07890625 0.0125