0 0.06015625 0.0484375 0.021875 0.034375
0 0.4015625 0.02890625 0.03671875 0.01171875
0 0.50234375 0.02578125 0.0125 0.0046875
0 0.4875 0.02578125 0.01484375 0.0046875
0 0.696875 0.03046875 0.02109375 0.0109375
0 0.67421875 0.0265625 0.01640625 0.00546875
0 0.9546875 0.0390625 0.009375 0.0140625
1 0.74453125 0.1640625 0.01171875 0.01796875
1 0.3265625 0.31953125 0.01953125 0.01796875
1 0.19765625 0.47421875 0.0078125 0.0078125
1 0.365625 0.684375 0.01640625 0.009375
1 0.7140625 0.7625 0.015625 0.01328125
0 0.953125 0.65078125 0.00859375 0.03671875
0 0.9578125 0.5046875 0.00234375 0.009375
0 0.9578125 0.49453125 0.003125 0.009375
0 0.95859375 0.46015625 0.00234375 0.0078125
0 0.95859375 0.3578125 0.0046875 0.00859375
1 0.6578125 0.46015625 0.01171875 0.0109375
1 0.86015625 0.50390625 0.01484375 0.0171875
1 0.15859375 0.7234375 0.01171875 0.0125
0 0.49453125 0.9734375 0.01796875 0.00625
0 0.4734375 0.97265625 0.009375 0.00859375
0 0.48203125 0.97109375 0.00703125 0.0109375
0 0.53203125 0.97578125 0.01640625 0.003125
0 0.275 0.971875 0.0140625 0.00859375
0 0.22890625 0.975 0.01015625 0.003125
0 0.25546875 0.975 0.009375 0.003125
0 0.0671875 0.90234375 0.00390625 0.025
0 0.0546875 0.55625 0.0046875 0.0078125
0 0.05703125 0.5859375 0.0046875 0.0234375
0 0.05703125 0.5671875 0.00703125 0.0125
0 0.05625 0.6046875 0.003125 0.009375
0 0.05078125 0.28046875 0.0046875 0.015625
0 0.05078125 0.29765625 0.0046875 0.01171875
2 0.07421875 0.0890625 0.0203125 0.0421875
2 0.1328125 0.03828125 0.0328125 0.00859375
2 0.20625 0.03984375 0.0390625 0.009375
0 0.7796875 0.96953125 0.0234375 0.00625
0 0.8859375 0.965625 0.009375 0.0046875