0 0.04609375 0.4328125 0.00859375 0.02421875
2 0.23984375 0.45859375 0.01328125 0.01875
2 0.253125 0.4390625 0.01328125 0.0171875
2 0.26953125 0.41875 0.01796875 0.021875
1 0.3859375 0.37578125 0.00390625 0.0046875
2 0.49453125 0.315625 0.05078125 0.0109375
2 0.54921875 0.328125 0.05625 0.0109375
1 0.784375 0.21484375 0.0078125 0.00859375
2 0.7703125 0.0921875 0.04921875 0.0109375
2 0.81875 0.08203125 0.046875 0.0109375
0 0.94453125 0.0359375 0.00625 0.00390625
0 0.953125 0.03515625 0.00859375 0.003125
0 0.3484375 0.03984375 0.0375 0.00625
0 0.39453125 0.03828125 0.0359375 0.0046875
2 0.23359375 0.84921875 0.01953125 0.03984375
2 0.2734375 0.928125 0.02109375 0.03125
2 0.253125 0.89140625 0.01796875 0.0390625
2 0.58984375 0.71953125 0.0171875 0.0625
2 0.57421875 0.7859375 0.0140625 0.06640625
1 0.7484375 0.63125 0.01328125 0.0078125
1 0.81796875 0.66328125 0.01171875 0.00703125
1 0.90078125 0.684375 0.01328125 0.00546875
1 0.93046875 0.684375 0.0234375 0.00625
2 0.8578125 0.67734375 0.0640625 0.01796875
2 0.7109375 0.61796875 0.05625 0.01796875
2 0.653125 0.6 0.05703125 0.01796875
2 0.5578125 0.58046875 0.0671875 0.01796875
2 0.48515625 0.5671875 0.07109375 0.0125
2 0.36953125 0.54296875 0.059375 0.01171875
1 0.7015625 0.49765625 0.009375 0.00703125
1 0.96328125 0.57734375 0.00859375 0.0453125
1 0.26015625 0.7078125 0.009375 0.00703125
0 0.9296875 0.93828125 0.03515625 0.0125
0 0.90390625 0.9421875 0.00859375 0.00625