1 0.45390625 0.2421875 0.01484375 0.01640625
1 0.1375 0.39765625 0.01875 0.01796875
1 0.82109375 0.26640625 0.02265625 0.015625
1 0.7484375 0.515625 0.01640625 0.01328125
1 0.49609375 0.51953125 0.01640625 0.015625
1 0.296875 0.7046875 0.0125 0.0078125
1 0.50234375 0.9046875 0.01015625 0.015625
1 0.85 0.80390625 0.02578125 0.02109375
0 0.96171875 0.02578125 0.0296875 0.015625
0 0.97265625 0.46171875 0.0171875 0.03515625
0 0.0390625 0.7765625 0.01640625 0.03125
0 0.1921875 0.9765625 0.02265625 0.01328125
0 0.96953125 0.884375 0.01484375 0.0265625
0 0.025 0.16484375 0.01171875 0.03515625