1 0.33828125 0.56171875 0.02421875 0.009375
1 0.246875 0.58359375 0.00625 0.00390625
1 0.42578125 0.5375 0.00390625 0.003125
1 0.55234375 0.5015625 0.00625 0.0046875
0 0.48828125 0.028125 0.02265625 0.0109375
0 0.05234375 0.9625 0.0046875 0.00625
0 0.96484375 0.95234375 0.00390625 0.00546875
0 0.9625 0.6421875 0.00859375 0.03125
2 0.09375 0.60390625 0.11640625 0.00703125
1 0.1546875 0.60078125 0.003125 0.003125
2 0.2 0.59375 0.0828125 0.01796875
2 0.2875 0.57421875 0.0734375 0.01796875
2 0.3890625 0.546875 0.06640625 0.01796875
2 0.45859375 0.52734375 0.06015625 0.01796875
2 0.50859375 0.51328125 0.0359375 0.0109375
1 0.53125 0.50859375 0.00390625 0.00234375
2 0.5421875 0.5046875 0.0140625 0.00703125
2 0.60625 0.48828125 0.09921875 0.02734375
2 0.71015625 0.4515625 0.10546875 0.0515625
2 0.77890625 0.34765625 0.03125 0.1546875
2 0.7828125 0.22265625 0.01796875 0.09375