2 0.6703125 0.7203125 0.07109375 0.16875
2 0.72578125 0.89375 0.034375 0.165625
0 0.359375 0.9828125 0.01875 0.01171875
1 0.33359375 0.78515625 0.00546875 0.0078125
0 0.06796875 0.9796875 0.021875 0.01640625
1 0.1625 0.5578125 0.00703125 0.00703125
0 0.03203125 0.12578125 0.00703125 0.03125
1 0.03359375 0.0765625 0.00234375 0.003125
1 0.03359375 0.07265625 0.0015625 0.003125
0 0.03828125 0.0390625 0.01875 0.00546875
0 0.17421875 0.0359375 0.00859375 0.00703125
1 0.7 0.23125 0.00703125 0.0078125
0 0.97890625 0.33671875 0.00703125 0.06796875
0 0.98046875 0.22421875 0.00234375 0.00859375
2 0.2765625 0.33125 0.171875 0.09296875
2 0.421875 0.41484375 0.1109375 0.07265625
2 0.56015625 0.54609375 0.14765625 0.17734375