0 0.04609375 0.04921875 0.00546875 0.01171875
0 0.04296875 0.2859375 0.00703125 0.021875
1 0.18984375 0.46484375 0.01171875 0.0140625
1 0.3546875 0.50078125 0.00546875 0.00625
1 0.2703125 0.7453125 0.01171875 0.00859375
0 0.50234375 0.9765625 0.03046875 0.00625
0 0.946875 0.9640625 0.00859375 0.0109375
0 0.9578125 0.71796875 0.0078125 0.02890625
0 0.95859375 0.7484375 0.00390625 0.00859375
1 0.76640625 0.76484375 0.0234375 0.021875
1 0.4765625 0.8296875 0.00859375 0.00859375
1 0.553125 0.56171875 0.0140625 0.01328125
1 0.79609375 0.46796875 0.00546875 0.00546875
1 0.840625 0.1609375 0.02265625 0.021875
0 0.959375 0.05703125 0.015625 0.015625
0 0.93984375 0.05078125 0.00546875 0.00390625
1 0.61640625 0.18671875 0.00546875 0.00703125
0 0.59140625 0.04296875 0.009375 0.0078125
0 0.475 0.040625 0.00625 0.00546875
0 0.48359375 0.03984375 0.00625 0.00390625
0 0.496875 0.040625 0.00703125 0.00546875
0 0.33671875 0.0421875 0.0125 0.00859375
0 0.346875 0.040625 0.00625 0.00546875
0 0.35546875 0.04296875 0.01015625 0.0109375
0 0.3671875 0.03984375 0.0109375 0.00390625
1 0.15703125 0.184375 0.0046875 0.0046875
1 0.359375 0.2765625 0.009375 0.00703125
0 0.96328125 0.54453125 0.00390625 0.0078125
0 0.96640625 0.37265625 0.00234375 0.015625