1 0.11640625 0.1125 0.00703125 0.00546875
1 0.36484375 0.1171875 0.00625 0.00625
1 0.81796875 0.2296875 0.009375 0.01171875
1 0.7421875 0.62109375 0.009375 0.00859375
1 0.159375 0.759375 0.01015625 0.00859375
1 0.40234375 0.73828125 0.00546875 0.00546875
1 0.29453125 0.478125 0.00703125 0.00703125
1 0.6625 0.42109375 0.00546875 0.00390625
0 0.6109375 0.96796875 0.021875 0.01015625
0 0.8421875 0.9640625 0.0109375 0.0078125
0 0.8515625 0.95703125 0.0078125 0.0203125
0 0.86640625 0.9625 0.0203125 0.0078125
1 0.859375 0.8375 0.0046875 0.00546875
2 0.321875 0.35390625 0.27109375 0.01484375
2 0.5640625 0.37265625 0.20546875 0.05625
1 0.8765625 0.29296875 0.0046875 0.0046875
2 0.7109375 0.43984375 0.08671875 0.0765625
2 0.8578125 0.89375 0.0171875 0.1015625
2 0.846875 0.73984375 0.0265625 0.1859375
2 0.82265625 0.59765625 0.02265625 0.09375
2 0.78515625 0.51484375 0.05703125 0.07109375