0 0.065625 0.925 0.009375 0.034375
0 0.06328125 0.546875 0.025 0.05625
0 0.19296875 0.03515625 0.02578125 0.00703125
1 0.24375 0.21328125 0.0046875 0.00546875
1 0.1640625 0.675 0.003125 0.00390625
1 0.3734375 0.78671875 0.00625 0.00625
1 0.36015625 0.56015625 0.009375 0.0078125
1 0.53046875 0.28125 0.00546875 0.00546875
1 0.61796875 0.5828125 0.0046875 0.0046875
0 0.94921875 0.884375 0.00859375 0.03046875
1 0.78515625 0.7765625 0.0078125 0.00546875
1 0.78203125 0.54296875 0.0078125 0.0078125
0 0.95859375 0.65625 0.00625 0.0140625
0 0.96015625 0.63046875 0.00390625 0.0140625