0 0.04296875 0.3640625 0.01015625 0.0421875
1 0.14375 0.5125 0.01640625 0.0171875
1 0.353125 0.55546875 0.0125 0.01171875
1 0.528125 0.49609375 0.00703125 0.0078125
1 0.8203125 0.540625 0.00859375 0.0078125
1 0.653125 0.33125 0.01640625 0.0109375
2 0.74296875 0.25859375 0.04140625 0.1515625
1 0.5015625 0.23125 0.00859375 0.009375
1 0.86640625 0.29375 0.0125 0.01328125
1 0.65078125 0.11796875 0.0078125 0.0078125
0 0.753125 0.03671875 0.015625 0.0109375
0 0.53515625 0.03359375 0.04296875 0.01171875
0 0.21796875 0.0328125 0.01953125 0.00625
1 0.29296875 0.25078125 0.01640625 0.0140625
1 0.2703125 0.8421875 0.0125 0.01875
1 0.68828125 0.690625 0.0203125 0.01796875
2 0.42890625 0.725 0.06640625 0.03984375
2 0.50546875 0.75625 0.0828125 0.0265625
0 0.61328125 0.9640625 0.034375 0.0109375
0 0.9453125 0.940625 0.021875 0.03359375
2 0.9296875 0.90234375 0.0171875 0.03671875
0 0.31953125 0.9671875 0.01796875 0.009375
0 0.0609375 0.96328125 0.0109375 0.0140625
0 0.04609375 0.65703125 0.00546875 0.01015625
0 0.0421875 0.0359375 0.01015625 0.0046875
0 0.10625 0.034375 0.009375 0.0046875