1 0.15625 0.19765625 0.01484375 0.01796875
1 0.34375 0.284375 0.01015625 0.0140625
1 0.62109375 0.171875 0.0234375 0.01640625
2 0.42734375 0.09765625 0.10703125 0.0109375
2 0.553125 0.375 0.0140625 0.0578125
2 0.53984375 0.43515625 0.01640625 0.059375
2 0.14453125 0.48125 0.01328125 0.14140625
2 0.87109375 0.2609375 0.01484375 0.1203125
2 0.7578125 0.521875 0.09375 0.0140625
2 0.64765625 0.7390625 0.10703125 0.0203125
2 0.7546875 0.71796875 0.0984375 0.0234375
1 0.56171875 0.8171875 0.01484375 0.01484375
0 0.33203125 0.96640625 0.03515625 0.01328125
1 0.16171875 0.83828125 0.01875 0.02109375
0 0.078125 0.9609375 0.0125 0.01484375
0 0.95 0.95390625 0.01484375 0.0203125
2 0.95546875 0.52734375 0.025 0.009375
0 0.7546875 0.053125 0.0390625 0.01171875
0 0.5984375 0.0484375 0.0265625 0.009375
1 0.28203125 0.63828125 0.0125 0.0171875
0 0.065625 0.7125 0.01015625 0.06015625
2 0.60390625 0.5109375 0.175 0.01484375