0 0.390625 0.04609375 0.05234375 0.01796875
0 0.80390625 0.05625 0.0421875 0.02421875
0 0.96015625 0.10390625 0.0078125 0.015625
0 0.9609375 0.1921875 0.00625 0.02734375
0 0.96015625 0.41640625 0.00546875 0.02421875
0 0.94921875 0.66796875 0.01640625 0.0328125
0 0.8109375 0.9640625 0.02734375 0.00625
0 0.046875 0.69453125 0.009375 0.0140625
0 0.04453125 0.66484375 0.00625 0.009375
0 0.04609375 0.0453125 0.0203125 0.0109375
1 0.1390625 0.14296875 0.0125 0.0140625
1 0.309375 0.30625 0.00859375 0.0078125
1 0.625 0.3203125 0.00859375 0.009375
1 0.84453125 0.17265625 0.0078125 0.00859375
1 0.8796875 0.3828125 0.01484375 0.01484375
1 0.5265625 0.45 0.009375 0.009375
1 0.28359375 0.63125 0.01015625 0.0109375
1 0.1328125 0.5 0.021875 0.01640625
1 0.63046875 0.7234375 0.00703125 0.00625
1 0.81640625 0.67421875 0.0140625 0.01875
1 0.83125 0.7109375 0.00546875 0.00546875
1 0.78828125 0.82421875 0.00703125 0.00859375
1 0.41640625 0.86015625 0.0171875 0.015625
2 0.5500502234375 0.84239609375 0.5488010562500001 0.8494160609374999 0.701199528125 0.8465254859375 0.6995339703125001 0.8386796406249999 0.5500502234375 0.84239609375
2 0.7495006828124999 0.1019959984375 0.7378417828125 0.09869248281250001 0.6712195000000001 0.1878873640625 0.6762161718749999 0.19366851406250002 0.7495006828124999 0.1019959984375
0 0.04609375 0.7046875 0.0046875 0.00546875
0 0.0484375 0.7234375 0.009375 0.03125
0 0.0421875 0.65078125 0.003125 0.0125
1 0.75703125 0.5078125 0.00703125 0.00546875