1 0.3796875 0.240625 0.01875 0.0234375
1 0.1203125 0.09140625 0.0078125 0.0078125
1 0.1484375 0.38203125 0.00859375 0.0109375
0 0.0390625 0.31875 0.0109375 0.0265625
2 0.53828125 0.23125 0.06796875 0.02578125
2 0.6109375 0.25390625 0.07421875 0.0234375
1 0.72734375 0.2140625 0.01015625 0.01171875
1 0.7703125 0.40390625 0.009375 0.01171875
1 0.58125 0.41171875 0.01640625 0.01875
1 0.78203125 0.6375 0.01640625 0.01484375
1 0.8265625 0.8015625 0.01484375 0.11953125
0 0.95078125 0.89453125 0.01015625 0.028125
1 0.46484375 0.8546875 0.01328125 0.0140625
1 0.1875 0.7421875 0.0203125 0.02109375
0 0.04609375 0.7484375 0.0109375 0.04296875
1 0.271875 0.9125 0.01015625 0.00859375
0 0.178125 0.9625 0.01484375 0.0140625
0 0.1921875 0.9640625 0.01171875 0.0078125
1 0.3828125 0.59453125 0.01171875 0.0109375
2 0.334375 0.55 0.1734375 0.01640625
0 0.69765625 0.0375 0.04453125 0.01015625