0 0.3734375 0.02421875 0.03984375 0.009375
0 0.9296875 0.02890625 0.01875 0.00546875
0 0.96484375 0.078125 0.00546875 0.0578125
0 0.965625 0.4734375 0.01015625 0.0265625
0 0.36875 0.97265625 0.02421875 0.0078125
0 0.03125 0.5390625 0.00625 0.03828125
0 0.0265625 0.1140625 0.00625 0.01875
1 0.20078125 0.2046875 0.0171875 0.021875
1 0.465625 0.321875 0.0046875 0.00390625
1 0.24140625 0.4625 0.00859375 0.00703125
1 0.30625 0.6578125 0.00390625 0.00390625
1 0.56015625 0.54296875 0.00546875 0.0046875
1 0.478125 0.8203125 0.0046875 0.0046875
1 0.15 0.81640625 0.00703125 0.0078125
1 0.79296875 0.684375 0.01015625 0.00859375
1 0.87109375 0.4078125 0.00625 0.00703125
1 0.65625 0.24921875 0.00703125 0.00546875
0 0.9671875 0.496875 0.00546875 0.0078125
0 0.96796875 0.44921875 0.00546875 0.02109375