1 0.4640625 0.29921875 0.01875 0.01328125
1 0.48125 0.50703125 0.01328125 0.01171875
1 0.56015625 0.6859375 0.01640625 0.01796875
1 0.365625 0.8625 0.0078125 0.0078125
0 0.61640625 0.9671875 0.0109375 0.0046875
0 0.72265625 0.96328125 0.01328125 0.00546875
1 0.86640625 0.165625 0.01640625 0.01875
0 0.96875 0.03359375 0.00703125 0.00859375
0 0.3671875 0.03203125 0.04765625 0.01015625
0 0.409375 0.028125 0.0046875 0.00390625
0 0.3234375 0.0296875 0.01171875 0.003125
0 0.3390625 0.0296875 0.00390625 0.00390625
0 0.28984375 0.03125 0.00703125 0.00390625
0 0.2765625 0.03125 0.00546875 0.00234375
0 0.19296875 0.0328125 0.01328125 0.003125
0 0.0375 0.190625 0.0078125 0.03359375
0 0.03515625 0.221875 0.00234375 0.0046875
0 0.0453125 0.58046875 0.00859375 0.05234375
1 0.05 0.7546875 0.0015625 0.00546875
1 0.04921875 0.7421875 0.0015625 0.0046875
1 0.11484375 0.89140625 0.0125 0.0171875
1 0.1453125 0.8703125 0.003125 0.003125
0 0.1296875 0.96796875 0.0359375 0.01015625
0 0.071875 0.96875 0.02578125 0.00859375
1 0.19609375 0.56953125 0.00703125 0.0078125
1 0.14609375 0.25546875 0.01171875 0.0078125