1 0.56953125 0.6703125 0.01171875 0.02265625
1 0.73359375 0.521875 0.00546875 0.0078125
1 0.796875 0.2609375 0.009375 0.00859375
1 0.59921875 0.121875 0.009375 0.0078125
1 0.27109375 0.32734375 0.00859375 0.0078125
1 0.21953125 0.39296875 0.00703125 0.0078125
2 0.60234375 0.92421875 0.0125 0.10859375
2 0.58828125 0.7765625 0.034375 0.18203125
2 0.540625 0.55234375 0.04921875 0.2015625
2 0.48046875 0.33359375 0.07109375 0.2140625
2 0.33671875 0.20859375 0.21796875 0.03203125
0 0.03828125 0.49140625 0.0125 0.03671875
0 0.04453125 0.03671875 0.021875 0.0203125
0 0.6671875 0.03046875 0.034375 0.01015625
0 0.95859375 0.89140625 0.009375 0.05