0 0.3578125 0.04609375 0.0265625 0.02109375
1 0.1609375 0.17890625 0.00625 0.00546875
1 0.39609375 0.40546875 0.00859375 0.00703125
1 0.17578125 0.621875 0.00859375 0.00859375
1 0.32890625 0.76328125 0.00859375 0.00703125
1 0.728125 0.72578125 0.0078125 0.0078125
1 0.646875 0.503125 0.00625 0.009375
1 0.81328125 0.30078125 0.00859375 0.00625
1 0.7 0.1078125 0.00859375 0.00703125
0 0.95390625 0.85078125 0.0078125 0.01953125
0 0.95546875 0.83046875 0.00546875 0.0171875
0 0.94921875 0.95390625 0.00859375 0.00859375
0 0.05390625 0.77265625 0.00859375 0.02578125
0 0.0484375 0.22421875 0.00859375 0.03984375
1 0.5734375 0.28046875 0.00546875 0.00625
0 0.95859375 0.053125 0.00703125 0.01953125