2 0.7421875 0.43984375 0.04375 0.07109375
2 0.40078125 0.60078125 0.178125 0.01796875
1 0.1984375 0.815625 0.01328125 0.01171875
1 0.67578125 0.86015625 0.00546875 0.00703125
1 0.2765625 0.6796875 0.00703125 0.0078125
1 0.50078125 0.51328125 0.00859375 0.00703125
1 0.35859375 0.42421875 0.00625 0.0046875
1 0.653125 0.565625 0.01484375 0.01328125
1 0.86953125 0.81953125 0.00546875 0.00546875
1 0.76015625 0.61640625 0.0078125 0.00625
1 0.740625 0.26015625 0.0078125 0.00859375
1 0.49453125 0.24296875 0.021875 0.01875
0 0.95546875 0.26484375 0.0078125 0.04453125
0 0.9296875 0.053125 0.0234375 0.00703125
2 0.16484375 0.21171875 0.02734375 0.1203125
2 0.18359375 0.0921875 0.0109375 0.11640625
0 0.0421875 0.06953125 0.009375 0.03828125
0 0.0453125 0.04140625 0.01171875 0.0125
0 0.12265625 0.03828125 0.0421875 0.009375
0 0.13203125 0.95625 0.0171875 0.00703125
0 0.053125 0.93515625 0.0078125 0.04140625
0 0.04453125 0.696875 0.00703125 0.04296875
1 0.21875 0.5296875 0.02734375 0.01484375
1 0.29765625 0.2484375 0.00703125 0.00625