1 0.2109375 0.1640625 0.01015625 0.01015625
0 0.04453125 0.24140625 0.0046875 0.015625
0 0.04375 0.22734375 0.003125 0.0125
0 0.04921875 0.59140625 0.0078125 0.0171875
0 0.05078125 0.609375 0.00859375 0.0171875
0 0.05 0.6265625 0.00703125 0.01484375
0 0.06328125 0.96328125 0.009375 0.01171875
0 0.0765625 0.96640625 0.0171875 0.00546875
0 0.0921875 0.96796875 0.0125 0.0046875
0 0.2359375 0.96953125 0.00703125 0.00546875
0 0.24921875 0.96953125 0.01796875 0.00546875
1 0.19140625 0.85 0.01953125 0.01953125
1 0.31015625 0.48046875 0.01484375 0.01484375
0 0.61953125 0.046875 0.0328125 0.0140625
1 0.5875 0.2609375 0.02734375 0.0296875
1 0.73125 0.6546875 0.01640625 0.01796875
1 0.68359375 0.9140625 0.00546875 0.00625
1 0.3671875 0.7046875 0.01015625 0.0125
1 0.4859375 0.53046875 0.00625 0.00703125
0 0.96015625 0.19296875 0.009375 0.01171875
0 0.96171875 0.0515625 0.00546875 0.0046875
2 0.91953125 0.2328125 0.08984375 0.034375
1 0.82109375 0.46640625 0.01328125 0.01953125