0 0.0375 0.0453125 0.01015625 0.01171875
0 0.034375 0.29921875 0.01015625 0.01640625
0 0.03203125 0.31171875 0.00546875 0.00625
1 0.17265625 0.34140625 0.00859375 0.01015625
0 0.221875 0.95546875 0.0078125 0.003125
0 0.4515625 0.95234375 0.015625 0.00625
0 0.465625 0.9515625 0.01015625 0.00703125
0 0.484375 0.946875 0.025 0.015625
0 0.96015625 0.69453125 0.00625 0.0328125
0 0.959375 0.7359375 0.00546875 0.0484375
0 0.96484375 0.4109375 0.0046875 0.02578125
0 0.96328125 0.23125 0.0046875 0.01484375
0 0.9625 0.246875 0.00625 0.015625
0 0.959375 0.0390625 0.0046875 0.0078125
1 0.70625 0.10859375 0.0125 0.009375
2 0.6046875 0.046875 0.02421875 0.0203125
2 0.64765625 0.096875 0.015625 0.05234375
2 0.62890625 0.06171875 0.021875 0.01484375
0 0.37578125 0.0359375 0.009375 0.00859375
0 0.384375 0.034375 0.00625 0.00546875
0 0.39609375 0.03515625 0.0171875 0.00625
1 0.32734375 0.209375 0.00546875 0.00390625
1 0.5515625 0.321875 0.009375 0.0125
1 0.675 0.40546875 0.00546875 0.00546875
1 0.79140625 0.521875 0.0140625 0.00859375
1 0.75 0.78125 0.00703125 0.0109375
1 0.5515625 0.6875 0.00703125 0.00625
1 0.3703125 0.6453125 0.01171875 0.0171875
1 0.403125 0.48359375 0.00859375 0.00625
1 0.83046875 0.2546875 0.00546875 0.00546875
0 0.03515625 0.6359375 0.00546875 0.01171875
0 0.03828125 0.6609375 0.009375 0.0359375
0 0.190625 0.95546875 0.00703125 0.003125