1 0.29453125 0.25703125 0.0171875 0.0140625
1 0.50234375 0.240625 0.009375 0.01015625
1 0.65234375 0.3421875 0.01796875 0.0109375
1 0.8640625 0.30703125 0.0140625 0.01484375
1 0.81484375 0.54921875 0.009375 0.00859375
1 0.52578125 0.5015625 0.0078125 0.00703125
1 0.35078125 0.5578125 0.01328125 0.0125
1 0.68203125 0.6953125 0.01953125 0.01875
1 0.49453125 0.71484375 0.00703125 0.00625
1 0.26484375 0.8390625 0.0125 0.01953125
1 0.65234375 0.13203125 0.00703125 0.00859375
1 0.14375 0.5125 0.01640625 0.0171875
0 0.93359375 0.94609375 0.02265625 0.03203125
0 0.603125 0.96328125 0.034375 0.009375
0 0.51171875 0.96640625 0.02734375 0.00390625
0 0.3125 0.9625 0.01875 0.009375
0 0.05546875 0.95546875 0.009375 0.01328125
0 0.0453125 0.65390625 0.00546875 0.00859375
0 0.04609375 0.36484375 0.00859375 0.0390625
0 0.04375 0.2515625 0.00390625 0.01015625
0 0.04921875 0.04296875 0.00859375 0.0046875
0 0.1125 0.0421875 0.009375 0.0046875
0 0.22265625 0.0421875 0.01875 0.00625
0 0.5359375 0.04765625 0.0390625 0.0109375
0 0.7546875 0.05390625 0.015625 0.009375
0 0.9640625 0.0796875 0.00390625 0.0125
0 0.95859375 0.45703125 0.00859375 0.04765625
0 0.04375 0.446875 0.003125 0.00703125
0 0.04375 0.515625 0.00390625 0.01875
2 0.9203125 0.90625 0.01875 0.0359375
2 0.734375 0.2328125 0.02109375 0.07421875
2 0.753125 0.30859375 0.01640625 0.075