1 0.35546875 0.715625 0.00703125 0.00703125
1 0.92265625 0.22421875 0.021875 0.015625
1 0.68125 0.4453125 0.00859375 0.0109375
1 0.71640625 0.3875 0.00703125 0.0078125
2 0.76640625 0.08046875 0.025 0.10859375
2 0.08984375 0.27578125 0.0359375 0.01328125
1 0.7609375 0.3234375 0.00703125 0.0109375
1 0.74609375 0.3421875 0.00703125 0.00859375
2 0.76875 0.19765625 0.03046875 0.12265625
2 0.73046875 0.365625 0.01875 0.03203125
2 0.6984375 0.41640625 0.02109375 0.040625
0 0.95078125 0.21796875 0.0234375 0.01484375
0 0.95 0.9640625 0.01484375 0.0125
0 0.9046875 0.96796875 0.00703125 0.00546875
0 0.21875 0.9734375 0.02265625 0.0109375
0 0.19140625 0.0390625 0.02734375 0.00703125