2 0.2953125 0.12890625 0.0328125 0.165625
2 0.33828125 0.27578125 0.04765625 0.11328125
2 0.40703125 0.4125 0.08828125 0.15859375
2 0.49921875 0.53671875 0.0953125 0.08984375
2 0.61328125 0.6203125 0.1296875 0.07890625
2 0.73359375 0.68984375 0.10390625 0.05703125
0 0.80078125 0.95234375 0.009375 0.0078125
0 0.925 0.95 0.0171875 0.0046875
0 0.9453125 0.0546875 0.00703125 0.0171875
1 0.31328125 0.21640625 0.00390625 0.0046875
0 0.28671875 0.04296875 0.0109375 0.00546875
0 0.271875 0.0421875 0.0140625 0.00390625
0 0.38125 0.040625 0.00703125 0.00625
0 0.240625 0.04296875 0.0078125 0.00390625
0 0.0609375 0.0484375 0.00625 0.0078125