2 0.91640625 0.03984375 0.053125 0.025
2 0.9609375 0.1015625 0.00859375 0.0375
0 0.965625 0.971875 0.0125 0.00859375
0 0.65546875 0.9828125 0.0078125 0.00546875
0 0.04765625 0.81015625 0.00625 0.01640625
0 0.03203125 0.26328125 0.00859375 0.01484375
1 0.28046875 0.1359375 0.0171875 0.01796875
1 0.3234375 0.36015625 0.01171875 0.01953125
1 0.6859375 0.3140625 0.0234375 0.0234375
1 0.55078125 0.66953125 0.01328125 0.01328125
1 0.84140625 0.7546875 0.02265625 0.01328125
1 0.51171875 0.88359375 0.01796875 0.0171875
1 0.25546875 0.7359375 0.01015625 0.009375
0 0.95078125 0.02578125 0.0359375 0.0234375
0 0.715625 0.01796875 0.02890625 0.00546875