0 0.6546875 0.028125 0.03671875 0.0109375
0 0.8921875 0.03203125 0.00625 0.00546875
0 0.03671875 0.12578125 0.00625 0.046875
0 0.046875 0.8484375 0.0046875 0.01328125
0 0.48125 0.975 0.0296875 0.009375
0 0.6796875 0.96953125 0.01796875 0.0171875
0 0.93984375 0.96796875 0.0265625 0.0109375
0 0.96640625 0.490625 0.01015625 0.05
1 0.8734375 0.128125 0.00703125 0.00703125
1 0.715625 0.30703125 0.0078125 0.0078125
1 0.43125 0.1421875 0.00625 0.00703125
1 0.19140625 0.27734375 0.00625 0.00546875
1 0.6765625 0.553125 0.0171875 0.0125
1 0.43203125 0.52421875 0.0078125 0.0078125
1 0.16015625 0.5921875 0.00859375 0.00859375
1 0.546875 0.7859375 0.00859375 0.00859375
1 0.2921875 0.78359375 0.00546875 0.00546875
2 0.93515625 0.43359375 0.07109375 0.0203125
2 0.884375 0.4015625 0.02734375 0.0375
2 0.85625 0.33203125 0.02109375 0.065625
2 0.8390625 0.24296875 0.0140625 0.090625
2 0.928125 0.63515625 0.0796875 0.0171875
2 0.834375 0.6640625 0.05859375 0.015625
2 0.7640625 0.6734375 0.06328125 0.0125
1 0.88203125 0.64609375 0.00546875 0.00625
1 0.70390625 0.67890625 0.00234375 0.00390625