0 0.46015625 0.0203125 0.01640625 0.009375
0 0.4890625 0.01796875 0.01796875 0.00703125
0 0.47421875 0.0171875 0.009375 0.00390625
2 0.425 0.04140625 0.00703125 0.05
2 0.4171875 0.08125 0.0140625 0.02265625
2 0.3953125 0.1078125 0.021875 0.01640625
2 0.32265625 0.14765625 0.04609375 0.01875
1 0.12578125 0.134375 0.00703125 0.00859375
0 0.03359375 0.11875 0.0046875 0.0078125
0 0.034375 0.03515625 0.009375 0.0078125
0 0.0390625 0.35625 0.00625 0.01640625
0 0.03984375 0.3828125 0.00546875 0.00625
0 0.0421875 0.371875 0.009375 0.0125
1 0.159375 0.59140625 0.00625 0.00546875
1 0.2953125 0.8296875 0.00546875 0.00625
0 0.14765625 0.98515625 0.01171875 0.00390625
0 0.1609375 0.984375 0.0109375 0.003125
0 0.17109375 0.984375 0.009375 0.0046875
0 0.1796875 0.98515625 0.00703125 0.003125
0 0.734375 0.97109375 0.0046875 0.003125
0 0.76015625 0.9703125 0.009375 0.003125
0 0.83359375 0.96640625 0.00625 0.003125
0 0.84296875 0.96484375 0.0109375 0.0046875
0 0.9375 0.959375 0.0125 0.00546875
0 0.96171875 0.51015625 0.0078125 0.015625
0 0.9625 0.5265625 0.00703125 0.015625
0 0.95625 0.31015625 0.01640625 0.01953125
0 0.95390625 0.01953125 0.00703125 0.0125
0 0.95546875 0.0328125 0.0046875 0.01171875
1 0.84296875 0.2234375 0.01875 0.01875
1 0.77421875 0.45546875 0.009375 0.01171875
1 0.54375 0.3265625 0.01328125 0.01796875
1 0.52109375 0.58125 0.00703125 0.0078125
1 0.30390625 0.29375 0.00703125 0.00859375
2 0.61484375 0.03828125 0.01171875 0.05078125
2 0.62109375 0.08125 0.01171875 0.03203125
2 0.6484375 0.14375 0.009375 0.0328125
2 0.65625 0.18984375 0.00703125 0.04375
2 0.6609375 0.23515625 0.0078125 0.0421875
2 0.6703125 0.31171875 0.009375 0.03046875
2 0.67890625 0.36875 0.0109375 0.0484375
2 0.69296875 0.46328125 0.0078125 0.05703125
2 0.70234375 0.59140625 0.01328125 0.053125
1 0.30234375 0.69921875 0.0171875 0.02265625
1 0.59453125 0.85625 0.00859375 0.01015625
1 0.77578125 0.71875 0.00625 0.00625
1 0.66640625 0.29296875 0.00390625 0.00390625
1 0.63046875 0.103125 0.00625 0.0078125
1 0.64140625 0.11953125 0.00390625 0.00390625