0 0.125 0.0484375 0.02421875 0.00859375
0 0.54609375 0.0484375 0.0171875 0.0140625
0 0.94921875 0.60546875 0.0125 0.025
0 0.9453125 0.7875 0.009375 0.04140625
0 0.9171875 0.9515625 0.01171875 0.0109375
0 0.053125 0.834375 0.01328125 0.03671875
0 0.05625 0.946875 0.01015625 0.02109375
1 0.159375 0.16875 0.009375 0.01328125
1 0.39921875 0.27109375 0.01171875 0.01171875
1 0.6015625 0.4484375 0.009375 0.01015625
1 0.47890625 0.58984375 0.01640625 0.01796875
1 0.82578125 0.55234375 0.0140625 0.0140625
1 0.8171875 0.484375 0.01484375 0.00859375
1 0.86640625 0.74375 0.0171875 0.01640625
1 0.66875 0.8546875 0.02421875 0.02265625
2 0.5385917 0.16776473125 0.52976451875 0.1685374640625 0.5854235359375 0.27596438125 0.593662440625 0.2711844671875 0.5385917 0.16776473125
2 0.39895194843750004 0.11970437812500001 0.2549071546875 0.13267842968750002 0.25628836875 0.142734821875 0.40155374374999997 0.1283951125 0.39895194843750004 0.11970437812500001
2 0.5164767218749999 0.8792516890625001 0.512437340625 0.8671081062500001 0.4048726453125 0.842474 0.4051047578125 0.8451339921875001 0.4079900421875 0.8590123703125 0.5164767218749999 0.8792516890625001
2 0.7608545078125 0.52650875 0.748278534375 0.5257870687499999 0.7492864890625001 0.6853053453125 0.76009694375 0.684549115625 0.7608545078125 0.52650875
1 0.74453125 0.25859375 0.02578125 0.02421875
1 0.16875 0.8484375 0.0125 0.01484375
2 0.084375 0.36796875 0.08046875 0.01484375
2 0.19453125 0.36328125 0.02421875 0.0171875
2 0.22109375 0.39375 0.0265625 0.040625
2 0.24765625 0.4515625 0.025 0.06875
2 0.26328125 0.53828125 0.015625 0.1015625
2 0.26015625 0.646875 0.01953125 0.10859375
1 0.703125 0.67578125 0.0109375 0.0109375