0 0.04453125 0.5546875 0.0109375 0.02734375
0 0.3265625 0.97265625 0.00703125 0.00546875
1 0.1453125 0.47265625 0.009375 0.00859375
1 0.3484375 0.61640625 0.0078125 0.00703125
1 0.16796875 0.13359375 0.00703125 0.00703125
1 0.53359375 0.33984375 0.00703125 0.00625
1 0.76171875 0.334375 0.0078125 0.00703125
1 0.66796875 0.7140625 0.00859375 0.00625
1 0.50234375 0.85546875 0.00859375 0.00703125
0 0.7421875 0.96484375 0.03515625 0.0125
2 0.8390625 0.48125 0.16875 0.0625
2 0.94296875 0.4375 0.02578125 0.01796875