2 0.27421875 0.1015625 0.0109375 0.0921875
2 0.2953125 0.1875 0.03125 0.08046875
2 0.32734375 0.2640625 0.0328125 0.06953125
2 0.3578125 0.33671875 0.02734375 0.075
2 0.3953125 0.41875 0.03046875 0.05625
2 0.46875 0.51015625 0.09921875 0.103125
2 0.58984375 0.60625 0.14140625 0.08828125
2 0.74765625 0.69921875 0.13671875 0.07734375
2 0.8890625 0.76796875 0.1421875 0.06015625
0 0.95390625 0.88046875 0.00859375 0.02890625
0 0.94375 0.96015625 0.01796875 0.00546875
0 0.81328125 0.96171875 0.00859375 0.00703125
0 0.03671875 0.671875 0.00859375 0.06640625
0 0.0390625 0.040625 0.00703125 0.00625
1 0.3109375 0.775 0.00703125 0.0078125
1 0.6015625 0.83984375 0.00546875 0.0046875
1 0.68359375 0.240625 0.0046875 0.00625
1 0.846875 0.4703125 0.00859375 0.00859375
1 0.3 0.05 0.009375 0.0078125
0 0.6625 0.03671875 0.01953125 0.01171875
0 0.96015625 0.046875 0.02265625 0.01953125
0 0.2703125 0.0359375 0.021875 0.00703125
1 0.3765625 0.3828125 0.0078125 0.015625
1 0.41484375 0.4515625 0.0078125 0.01015625
1 0.6703125 0.65625 0.0171875 0.01328125