1 0.0875 0.771875 0.0203125 0.015625
2 0.1234375 0.7640625 0.04765625 0.01796875
2 0.26640625 0.64140625 0.01953125 0.03125
2 0.23203125 0.9390625 0.01171875 0.05390625
2 0.24375 0.8875 0.01328125 0.04765625
2 0.24296875 0.8375 0.0140625 0.0484375
2 0.2265625 0.7703125 0.01640625 0.0609375
2 0.29765625 0.5921875 0.025 0.0390625
1 0.2546875 0.66015625 0.0046875 0.00625
1 0.240625 0.67890625 0.00625 0.00859375
1 0.28359375 0.61640625 0.00546875 0.00703125
1 0.31640625 0.5609375 0.00546875 0.009375
0 0.0609375 0.77734375 0.021875 0.01640625
0 0.784375 0.02421875 0.02421875 0.0125
0 0.05546875 0.025 0.01484375 0.00859375
0 0.09921875 0.02265625 0.0078125 0.00625
0 0.78359375 0.96640625 0.028125 0.00625