2 0.1359375 0.4875 0.0140625 0.14609375
1 0.27734375 0.64765625 0.01328125 0.01796875
0 0.059375 0.725 0.01015625 0.0578125
1 0.15703125 0.853125 0.01875 0.021875
0 0.33046875 0.98359375 0.0375 0.01328125
1 0.56171875 0.8265625 0.0140625 0.01328125
2 0.64453125 0.7453125 0.10390625 0.01796875
2 0.74921875 0.725 0.10078125 0.021875
2 0.5484375 0.37421875 0.0125 0.06015625
2 0.53515625 0.43671875 0.01640625 0.0609375
1 0.33515625 0.28359375 0.01015625 0.01328125
1 0.61484375 0.1640625 0.02265625 0.0171875
2 0.41875 0.08984375 0.109375 0.00859375
1 0.14453125 0.1953125 0.01484375 0.01796875
0 0.95 0.96171875 0.01484375 0.01953125
0 0.7484375 0.0421875 0.04140625 0.01171875
2 0.596875 0.51328125 0.18671875 0.01484375
2 0.75546875 0.52109375 0.096875 0.01328125
1 0.87578125 0.525 0.00859375 0.00625