2 0.084375 0.32109375 0.0703125 0.0109375
2 0.16484375 0.3515625 0.06953125 0.03984375
2 0.23984375 0.390625 0.05703125 0.02421875
2 0.34921875 0.43125 0.128125 0.05
2 0.48203125 0.49296875 0.128125 0.0671875
2 0.60390625 0.56953125 0.11171875 0.08046875
2 0.70234375 0.68125 0.08359375 0.1375
2 0.76015625 0.78046875 0.0296875 0.0578125
1 0.490625 0.2796875 0.0125 0.01171875
1 0.609375 0.14609375 0.0078125 0.0078125
1 0.78125 0.2921875 0.00859375 0.00859375
1 0.48125 0.63125 0.01640625 0.0140625
1 0.2796875 0.64296875 0.00859375 0.00859375
1 0.41640625 0.7953125 0.0078125 0.00859375
1 0.80390625 0.76875 0.00625 0.00703125
1 0.83359375 0.64375 0.01171875 0.0140625
1 0.19140625 0.82421875 0.01328125 0.01640625
2 0.09453125 0.64375 0.0828125 0.009375
2 0.16640625 0.675 0.05703125 0.0484375
2 0.20234375 0.75234375 0.01640625 0.1
0 0.05390625 0.67265625 0.009375 0.04453125
0 0.04453125 0.31953125 0.00546875 0.00859375
0 0.32734375 0.04375 0.02890625 0.009375
1 0.09609375 0.096875 0.0078125 0.0078125
0 0.7640625 0.0484375 0.046875 0.00859375
0 0.85625 0.05234375 0.053125 0.009375
0 0.97421875 0.11171875 0.0046875 0.01953125
0 0.97421875 0.13515625 0.00703125 0.0265625
0 0.975 0.15625 0.00625 0.009375
0 0.975 0.35703125 0.00859375 0.0125
1 0.84296875 0.525 0.009375 0.009375
0 0.96875 0.85234375 0.0046875 0.01328125
0 0.675 0.9703125 0.0484375 0.009375
1 0.565625 0.4 0.009375 0.00546875
1 0.2046875 0.37265625 0.00703125 0.0078125