0 0.1609375 0.0515625 0.01171875 0.00859375
0 0.17578125 0.05078125 0.015625 0.00703125
0 0.19140625 0.05234375 0.015625 0.0125
0 0.9 0.0578125 0.01875 0.0140625
0 0.953125 0.05625 0.00859375 0.00703125
0 0.953125 0.78359375 0.00625 0.04609375
1 0.86484375 0.8703125 0.015625 0.0171875
1 0.48984375 0.771875 0.0125 0.0171875
1 0.66171875 0.68828125 0.0046875 0.00546875
1 0.21484375 0.7640625 0.0078125 0.00546875
0 0.0578125 0.715625 0.009375 0.03359375
0 0.065625 0.953125 0.0109375 0.0109375
0 0.18359375 0.9578125 0.03828125 0.0078125
0 0.053125 0.16953125 0.009375 0.0171875
0 0.05 0.2328125 0.00390625 0.0109375
0 0.05 0.1890625 0.003125 0.02109375
1 0.16640625 0.409375 0.00703125 0.00703125
1 0.8359375 0.58359375 0.0140625 0.01953125
1 0.509375 0.4859375 0.021875 0.02265625
1 0.31015625 0.58125 0.00703125 0.0078125
1 0.3625 0.3984375 0.00546875 0.00625
1 0.8046875 0.2421875 0.00390625 0.00625
1 0.55078125 0.20234375 0.00625 0.00546875
1 0.1984375 0.14453125 0.00390625 0.00546875