2 0.17734375 0.17109375 0.11484375 0.009375
2 0.7219592734375 0.1921211625 0.7114868609375 0.1940423421875 0.74992650625 0.34872142500000003 0.7631208421875 0.344363125 0.7219592734375 0.1921211625
1 0.86015625 0.30546875 0.01640625 0.01484375
1 0.64609375 0.3421875 0.01953125 0.01171875
1 0.49296875 0.24453125 0.009375 0.0109375
1 0.64296875 0.13515625 0.0078125 0.01015625
1 0.28359375 0.2640625 0.0171875 0.01328125
1 0.13515625 0.51875 0.0171875 0.01796875
1 0.34453125 0.56015625 0.01328125 0.01328125
1 0.2625 0.83984375 0.0140625 0.01875
1 0.68203125 0.6921875 0.0203125 0.01875
1 0.8140625 0.5453125 0.01015625 0.01328125
1 0.49375 0.7125 0.00859375 0.01015625
0 0.52421875 0.05390625 0.04140625 0.01171875
0 0.74609375 0.05703125 0.01796875 0.0109375
0 0.959375 0.44921875 0.00859375 0.04375
0 0.9421875 0.9359375 0.0234375 0.0328125
0 0.60703125 0.9578125 0.03671875 0.0109375
0 0.31328125 0.96015625 0.0203125 0.0109375
0 0.0546875 0.95703125 0.01328125 0.01328125
0 0.034375 0.37421875 0.01015625 0.0390625
0 0.20859375 0.05390625 0.0203125 0.00703125
2 0.1673570875 0.8199596250000001 0.16371166718750002 0.74116800625 0.1522209953125 0.7395442109375 0.16188895781249998 0.8562217078125001 0.17145814374999999 0.8472681140624999 0.1673570875 0.8199596250000001
2 0.5437163046875 0.76422591875 0.45816234062500005 0.7384130828125001 0.39378513437499996 0.69955501875 0.38166778749999997 0.7083292765625 0.44743281562500004 0.74618468125 0.537504434375 0.7728301984375 0.5437163046875 0.76422591875
1 0.51953125 0.50234375 0.009375 0.01015625