2 0.7125 0.26484375 0.0453125 0.14453125
2 0.275 0.2453125 0.01875 0.22421875
2 0.5296875 0.59609375 0.13828125 0.0140625
2 0.1953125 0.85859375 0.09609375 0.02734375
1 0.48515625 0.77265625 0.0109375 0.01640625
1 0.2265625 0.7671875 0.009375 0.00703125
1 0.83046875 0.86875 0.0140625 0.01640625
1 0.6421875 0.6890625 0.0046875 0.00703125
1 0.80390625 0.584375 0.01328125 0.01796875
0 0.9125 0.784375 0.00546875 0.0421875
1 0.50078125 0.48828125 0.01796875 0.02109375
2 0.8625 0.22734375 0.00703125 0.0796875
0 0.86171875 0.059375 0.01640625 0.0125
0 0.9109375 0.059375 0.00546875 0.0078125
0 0.19140625 0.05078125 0.0421875 0.01015625
0 0.07421875 0.1703125 0.00859375 0.01640625
0 0.08046875 0.71953125 0.0078125 0.03125
1 0.18125 0.4109375 0.0078125 0.00859375
0 0.08984375 0.95859375 0.01015625 0.0078125
0 0.19921875 0.9609375 0.02890625 0.00859375
1 0.77421875 0.24375 0.00625 0.00546875
1 0.315625 0.584375 0.009375 0.00703125
1 0.3640625 0.4 0.00703125 0.0078125
1 0.540625 0.2046875 0.00703125 0.00625