1 0.1671875 0.40078125 0.0171875 0.015625
1 0.278125 0.2078125 0.0078125 0.0078125
1 0.46953125 0.25859375 0.01328125 0.01640625
1 0.32109375 0.425 0.00625 0.00703125
1 0.50546875 0.521875 0.015625 0.0140625
1 0.2375 0.596875 0.00546875 0.0046875
1 0.31484375 0.69453125 0.01171875 0.00859375
1 0.50703125 0.8859375 0.009375 0.015625
1 0.61953125 0.7140625 0.00546875 0.00703125
1 0.634375 0.2296875 0.01015625 0.00859375
0 0.06171875 0.17890625 0.01328125 0.03359375
0 0.06796875 0.76015625 0.015625 0.03046875
0 0.2125 0.9515625 0.021875 0.01328125
0 0.94453125 0.87265625 0.0125 0.0328125
1 0.83515625 0.7921875 0.02421875 0.0203125
1 0.74296875 0.521875 0.01484375 0.01171875
1 0.8140625 0.28984375 0.021875 0.01328125
0 0.953125 0.4734375 0.015625 0.03515625
0 0.94453125 0.065625 0.0328125 0.01640625