0 0.1015625 0.3453125 0.01796875 0.0171875
1 0.25234375 0.52109375 0.01171875 0.0140625
1 0.51953125 0.5515625 0.0109375 0.01640625
1 0.46640625 0.75234375 0.0078125 0.009375
1 0.31953125 0.65078125 0.00546875 0.00703125
1 0.7828125 0.840625 0.0078125 0.00703125
0 0.946875 0.80390625 0.0109375 0.02265625
0 0.9421875 0.94921875 0.0046875 0.0203125
0 0.965625 0.09921875 0.00546875 0.0078125
0 0.96484375 0.0546875 0.00625 0.01015625
2 0.478125 0.340625 0.05859375 0.025
2 0.41484375 0.30625 0.04609375 0.03046875
2 0.365625 0.271875 0.03671875 0.02734375
2 0.06484375 0.228125 0.05390625 0.0140625
2 0.11484375 0.2390625 0.0421875 0.01015625
2 0.18984375 0.2359375 0.0578125 0.0140625
2 0.2515625 0.22109375 0.06171875 0.015625
1 0.121875 0.15 0.00546875 0.00703125
1 0.23203125 0.07421875 0.01484375 0.02265625
0 0.23046875 0.0453125 0.02265625 0.02265625
1 0.75546875 0.3109375 0.0078125 0.00859375
1 0.44375 0.32421875 0.00859375 0.00625
1 0.38828125 0.28828125 0.00625 0.00546875
0 0.12734375 0.03828125 0.00546875 0.0046875