1 0.15859375 0.5171875 0.015625 0.00390625
1 0.1125 0.51328125 0.00703125 0.00546875
1 0.06484375 0.5078125 0.0109375 0.00546875
1 0.05234375 0.50625 0.0046875 0.00390625
0 0.0265625 0.47578125 0.0046875 0.0078125
2 0.36875 0.52109375 0.08046875 0.003125
1 0.32421875 0.5203125 0.00546875 0.00390625
2 0.465625 0.521875 0.103125 0.0046875
2 0.78828125 0.6828125 0.0234375 0.10546875
2 0.73125 0.5875 0.08828125 0.084375
2 0.60234375 0.5328125 0.16875 0.021875
1 0.921875 0.946875 0.003125 0.003125
1 0.909375 0.478125 0.0046875 0.00390625