0 0.065625 0.1 0.00859375 0.046875
0 0.0734375 0.05390625 0.01953125 0.02109375
0 0.16484375 0.04765625 0.03359375 0.009375
1 0.51484375 0.1828125 0.0171875 0.021875
1 0.6828125 0.23984375 0.00859375 0.01171875
0 0.75234375 0.0578125 0.0390625 0.0078125
0 0.928125 0.7 0.01171875 0.01640625
0 0.93046875 0.71484375 0.00546875 0.01171875
0 0.8109375 0.97578125 0.028125 0.0109375
0 0.79140625 0.97890625 0.00859375 0.00546875
2 0.58359375 0.95703125 0.0046875 0.046875
2 0.575 0.91640625 0.01328125 0.0328125
2 0.5609375 0.88984375 0.0140625 0.01875
2 0.53125 0.86875 0.02734375 0.01796875
2 0.49765625 0.8484375 0.021875 0.01015625
2 0.46640625 0.83203125 0.02734375 0.01171875
2 0.43828125 0.82109375 0.0265625 0.00859375
2 0.40078125 0.8140625 0.0375 0.0078125
2 0.3515625 0.8046875 0.05546875 0.009375
2 0.303125 0.79375 0.03671875 0.0125
2 0.26640625 0.784375 0.034375 0.0125
2 0.23828125 0.77109375 0.01875 0.01484375
2 0.21484375 0.75859375 0.02578125 0.009375
2 0.178125 0.74765625 0.04375 0.0125
2 0.1296875 0.7359375 0.05 0.01015625
2 0.07890625 0.7234375 0.04921875 0.0140625
1 0.45234375 0.80703125 0.01171875 0.0125
1 0.42265625 0.8171875 0.00390625 0.00390625
1 0.2 0.9109375 0.0078125 0.009375
1 0.74609375 0.80859375 0.01171875 0.01484375
1 0.40234375 0.5625 0.021875 0.021875
1 0.71953125 0.47265625 0.0140625 0.01328125
1 0.30625 0.30625 0.01484375 0.0203125
1 0.48359375 0.83984375 0.00546875 0.00625