2 0.5453125 0.1375 0.1078125 0.02578125
1 0.32265625 0.140625 0.02109375 0.01953125
1 0.5203125 0.41953125 0.0140625 0.01328125
1 0.3921875 0.5609375 0.0078125 0.00625
1 0.596875 0.73515625 0.009375 0.00703125
1 0.2484375 0.746875 0.0125 0.01875
2 0.434375 0.7828125 0.0578125 0.09609375
0 0.45 0.94765625 0.01171875 0.01171875
1 0.1703125 0.5234375 0.00859375 0.00703125
1 0.28671875 0.328125 0.00625 0.0078125
1 0.1125 0.2546875 0.0171875 0.0125
1 0.18671875 0.08359375 0.0078125 0.00703125
0 0.028125 0.39765625 0.01171875 0.02265625
0 0.028125 0.2171875 0.00703125 0.01953125
0 0.028125 0.1953125 0.00703125 0.01796875
0 0.05703125 0.03125 0.0109375 0.00625
0 0.86640625 0.94453125 0.021875 0.0078125
1 0.83359375 0.83125 0.009375 0.0109375
1 0.846875 0.1578125 0.01171875 0.0125
0 0.965625 0.17421875 0.009375 0.0328125
0 0.965625 0.05390625 0.00703125 0.01328125
2 0.88828125 0.6453125 0.1296875 0.02265625
2 0.77890625 0.584375 0.0796875 0.14140625
2 0.7421875 0.43125 0.02578125 0.16171875
2 0.72109375 0.30078125 0.06484375 0.08984375