1 0.25078125 0.25546875 0.00546875 0.00625
1 0.4390625 0.4015625 0.00546875 0.00546875
1 0.67578125 0.29765625 0.00546875 0.0046875
2 0.3578125 0.91171875 0.01640625 0.0828125
2 0.375 0.78515625 0.04140625 0.02734375
2 0.3484375 0.821875 0.01328125 0.04453125
2 0.42109375 0.7625 0.0453125 0.02265625
2 0.47734375 0.74453125 0.05078125 0.01640625
2 0.73515625 0.72109375 0.0234375 0.03046875
2 0.60546875 0.7453125 0.028125 0.01015625
0 0.94921875 0.95390625 0.0203125 0.00859375
1 0.64765625 0.753125 0.00703125 0.0046875