1 0.15 0.51015625 0.015625 0.01796875
1 0.35234375 0.55546875 0.01171875 0.0109375
1 0.2703125 0.84609375 0.0109375 0.01953125
2 0.92265625 0.921875 0.02265625 0.04375
1 0.8578125 0.28984375 0.0125 0.01484375
0 0.746875 0.02578125 0.01484375 0.01015625
1 0.646875 0.328125 0.01640625 0.01015625
1 0.29140625 0.24765625 0.00859375 0.009375
0 0.22265625 0.02421875 0.015625 0.00625
0 0.11640625 0.0265625 0.0078125 0.00546875
0 0.0546875 0.028125 0.00859375 0.00546875
0 0.0671875 0.96796875 0.00859375 0.0140625
0 0.60390625 0.97734375 0.0328125 0.00859375
1 0.68046875 0.69765625 0.01796875 0.01953125
0 0.51328125 0.98046875 0.02734375 0.00390625
0 0.05546875 0.65625 0.00546875 0.00859375
0 0.95078125 0.73046875 0.00625 0.02734375
0 0.0515625 0.2421875 0.0046875 0.01171875
0 0.9546875 0.55 0.00390625 0.021875
0 0.95703125 0.41328125 0.0046875 0.01015625
0 0.9578125 0.35703125 0.003125 0.00859375
0 0.95546875 0.52890625 0.003125 0.00703125
0 0.94375 0.934375 0.00390625 0.0125
0 0.87265625 0.9765625 0.01015625 0.00390625
0 0.9223328828125 0.9762163453125 0.9441934703125 0.9761079484374999 0.9448063843750001 0.9426135171875 0.9353062218750001 0.9435890828125 0.926418975 0.9575721953125 0.9223328828125 0.9762163453125