1 0.4484375 0.471875 0.00625 0.00390625
1 0.21484375 0.32578125 0.01171875 0.009375
1 0.70546875 0.35625 0.00625 0.0046875
1 0.76640625 0.553125 0.009375 0.0078125
1 0.54296875 0.69140625 0.00546875 0.0046875
1 0.35625 0.76171875 0.00625 0.00546875
1 0.6265625 0.84140625 0.00390625 0.00390625
0 0.63046875 0.97578125 0.03828125 0.009375
0 0.9671875 0.8890625 0.00546875 0.02421875
1 0.878125 0.75546875 0.00390625 0.003125
0 0.97734375 0.478125 0.00625 0.0375
1 0.1375 0.0640625 0.00390625 0.00390625
1 0.14140625 0.60625 0.00625 0.00625
0 0.0453125 0.55078125 0.00859375 0.04765625
0 0.09375 0.97265625 0.01796875 0.0046875
0 0.05859375 0.94375 0.00390625 0.01875
0 0.05703125 0.91640625 0.0046875 0.034375
1 0.53359375 0.18671875 0.00625 0.00546875
1 0.86796875 0.19296875 0.0078125 0.009375