0 0.02734375 0.06484375 0.00859375 0.03984375
0 0.0296875 0.03515625 0.01171875 0.0140625
0 0.09375 0.03125 0.01015625 0.009375
0 0.10703125 0.028125 0.0140625 0.0046875
2 0.17578125 0.05625 0.00859375 0.065625
2 0.16953125 0.1328125 0.01171875 0.08515625
2 0.16015625 0.20546875 0.01171875 0.0578125
2 0.14765625 0.25546875 0.00859375 0.021875
1 0.4953125 0.23671875 0.02265625 0.0203125
1 0.75 0.24921875 0.00859375 0.01015625
0 0.97734375 0.26953125 0.0046875 0.01015625
0 0.975 0.25625 0.0078125 0.0140625
0 0.9765625 0.2453125 0.00390625 0.00625
0 0.97734375 0.23515625 0.003125 0.0125
0 0.93828125 0.03046875 0.009375 0.00546875
0 0.95078125 0.03125 0.0125 0.00703125
0 0.96953125 0.03125 0.0140625 0.00546875
1 0.2140625 0.5390625 0.02890625 0.015625
1 0.5046875 0.5171875 0.009375 0.00703125
1 0.6640625 0.5703125 0.01640625 0.01484375
1 0.77578125 0.62265625 0.00703125 0.00625
1 0.6921875 0.87890625 0.00625 0.0078125
0 0.13046875 0.98359375 0.0171875 0.00546875
0 0.14296875 0.9859375 0.00625 0.003125
0 0.0515625 0.97421875 0.00859375 0.021875
0 0.05 0.9546875 0.00625 0.01484375
0 0.04765625 0.94296875 0.003125 0.00703125
0 0.03671875 0.696875 0.0046875 0.009375
0 0.0390625 0.71015625 0.0078125 0.015625
0 0.0390625 0.728125 0.00625 0.01875
1 0.2765625 0.69375 0.0078125 0.00859375
1 0.89453125 0.83515625 0.0046875 0.0046875
1 0.2921875 0.2453125 0.00625 0.0078125