0 0.06015625 0.0984375 0.01015625 0.03125
0 0.0578125 0.359375 0.01015625 0.0328125
1 0.2046875 0.190625 0.01640625 0.0140625
2 0.38125 0.26484375 0.0234375 0.2078125
0 0.37421875 0.04609375 0.03828125 0.0125
1 0.33203125 0.46796875 0.01796875 0.01640625
1 0.55078125 0.55078125 0.0171875 0.025
1 0.5640625 0.2484375 0.01640625 0.015625
2 0.784375 0.33046875 0.15546875 0.01875
1 0.76328125 0.5234375 0.01328125 0.01640625
1 0.71640625 0.85703125 0.0171875 0.01484375
1 0.453125 0.89921875 0.01796875 0.0234375
2 0.8265625 0.86328125 0.109375 0.0140625
0 0.93125 0.86953125 0.01015625 0.034375
1 0.3203125 0.721875 0.01015625 0.01015625
2 0.1203125 0.846875 0.02734375 0.0671875
2 0.09921875 0.91640625 0.028125 0.065625
0 0.9328125 0.81953125 0.01015625 0.009375
0 0.9421875 0.53359375 0.00859375 0.0109375
0 0.76640625 0.0546875 0.01484375 0.009375