1 0.4125 0.31796875 0.00703125 0.0046875
1 0.70625 0.5109375 0.009375 0.0078125
1 0.7515625 0.64375 0.01171875 0.0078125
1 0.26015625 0.71953125 0.00703125 0.00546875
0 0.925 0.94921875 0.05234375 0.01171875
1 0.93046875 0.69609375 0.02109375 0.0046875
0 0.9640625 0.58984375 0.0078125 0.04375
1 0.790625 0.22890625 0.00703125 0.0046875
0 0.95 0.05546875 0.00625 0.00703125
0 0.95859375 0.05546875 0.00859375 0.003125
0 0.35703125 0.04609375 0.03515625 0.00625
0 0.40390625 0.0453125 0.03671875 0.00546875
0 0.04296875 0.440625 0.00859375 0.02421875
2 0.87265625 0.6890625 0.08984375 0.0234375
2 0.79296875 0.6625 0.06796875 0.03125
2 0.68203125 0.62109375 0.1265625 0.03515625
2 0.54609375 0.5921875 0.13828125 0.02890625
2 0.41171875 0.5625 0.125 0.02890625
2 0.2828125 0.5234375 0.12890625 0.0515625