0 0.6703125 0.0453125 0.03359375 0.00703125
0 0.428125 0.0375 0.00703125 0.0046875
0 0.9640625 0.0875 0.0078125 0.01875
0 0.97421875 0.72734375 0.0078125 0.021875
0 0.0234375 0.4234375 0.01328125 0.01875
2 0.0296875 0.33828125 0.025 0.00390625
2 0.0265625 0.36328125 0.01875 0.0046875
2 0.02578125 0.2640625 0.0140625 0.00234375
0 0.15390625 0.0359375 0.02890625 0.0078125
2 0.03359375 0.07421875 0.0203125 0.00703125
2 0.03125 0.1234375 0.01640625 0.00546875
2 0.1953125 0.0515625 0.15234375 0.01640625
1 0.3 0.26171875 0.0234375 0.01953125
1 0.4640625 0.378125 0.00703125 0.0078125
1 0.32890625 0.43984375 0.00546875 0.00625
1 0.70625 0.53984375 0.009375 0.0109375
1 0.86484375 0.4984375 0.0171875 0.01640625
1 0.784375 0.73359375 0.02265625 0.025
1 0.5171875 0.78203125 0.00859375 0.009375
1 0.2671875 0.65703125 0.00703125 0.0078125
1 0.18046875 0.8625 0.00625 0.0078125
1 0.82421875 0.22109375 0.0078125 0.0078125
0 0.975 0.7078125 0.00390625 0.015625
0 0.9625 0.0703125 0.00859375 0.01484375
0 0.6453125 0.04296875 0.0140625 0.00390625
1 0.828125 0.846875 0.00390625 0.00546875