0 0.61875 0.0359375 0.03359375 0.0140625
1 0.21015625 0.159375 0.0109375 0.0109375
0 0.04453125 0.23671875 0.0046875 0.015625
0 0.04296875 0.2234375 0.003125 0.01015625
0 0.04921875 0.58671875 0.0046875 0.009375
0 0.0515625 0.5953125 0.0078125 0.00703125
0 0.05234375 0.6078125 0.0078125 0.01796875
0 0.05234375 0.625 0.00703125 0.0140625
0 0.065625 0.9640625 0.00859375 0.01171875
0 0.0734375 0.9671875 0.00546875 0.00546875
0 0.08203125 0.96796875 0.0109375 0.00546875
0 0.09453125 0.96875 0.01171875 0.0046875
0 0.2375 0.9703125 0.0078125 0.00546875
0 0.24765625 0.96953125 0.0109375 0.0046875
0 0.25703125 0.97109375 0.0078125 0.0046875
0 0.4875 0.97265625 0.0203125 0.00390625
0 0.96171875 0.73125 0.00390625 0.021875
0 0.96328125 0.69375 0.00390625 0.0140625
1 0.825 0.4609375 0.0140625 0.01953125
0 0.96484375 0.18125 0.01015625 0.01171875
2 0.9328125 0.2265625 0.0703125 0.02734375
1 0.734375 0.65234375 0.015625 0.01796875
1 0.36796875 0.703125 0.01015625 0.0125
1 0.19296875 0.85 0.01953125 0.01953125
1 0.3109375 0.47734375 0.015625 0.015625
1 0.5875 0.2546875 0.02578125 0.02890625