0 0.3 0.04921875 0.01796875 0.00703125
0 0.3171875 0.0484375 0.0140625 0.00546875
0 0.0484375 0.24140625 0.01015625 0.01171875
0 0.046875 0.265625 0.00546875 0.03046875
1 0.1671875 0.7515625 0.01484375 0.0140625
0 0.24453125 0.9515625 0.0296875 0.00546875
0 0.94453125 0.95546875 0.02578125 0.003125
0 0.9578125 0.8765625 0.00703125 0.02734375
0 0.9703125 0.21796875 0.00859375 0.01875
0 0.97109375 0.23671875 0.0078125 0.015625
0 0.6359375 0.04765625 0.01328125 0.00546875
1 0.16796875 0.5375 0.00859375 0.00625
1 0.25546875 0.25234375 0.0078125 0.00625
2 0.35546875 0.128125 0.0265625 0.0703125
2 0.38984375 0.203125 0.04296875 0.07578125
2 0.434375 0.28125 0.0453125 0.078125
2 0.4796875 0.3890625 0.046875 0.1375
2 0.52265625 0.5359375 0.03671875 0.1484375
1 0.34296875 0.07421875 0.00625 0.01171875
1 0.4328125 0.715625 0.00703125 0.00703125