1 0.5546875 0.22578125 0.009375 0.0125
1 0.67109375 0.665625 0.00859375 0.00703125
1 0.4515625 0.853125 0.00859375 0.009375
1 0.1453125 0.28515625 0.0046875 0.0046875
1 0.196875 0.31015625 0.00703125 0.00625
1 0.25234375 0.2796875 0.00546875 0.00546875
0 0.03984375 0.14765625 0.0109375 0.0328125
1 0.8625 0.11171875 0.00703125 0.00546875
0 0.9703125 0.6140625 0.009375 0.03359375
0 0.33828125 0.9734375 0.03046875 0.00546875
0 0.04296875 0.71953125 0.009375 0.05625
0 0.04140625 0.6796875 0.00859375 0.0078125