1 0.46484375 0.4015625 0.0203125 0.02109375
1 0.71640625 0.29453125 0.01875 0.0125
1 0.55859375 0.74296875 0.0109375 0.01328125
1 0.2265625 0.78046875 0.0109375 0.0109375
1 0.7828125 0.6984375 0.009375 0.00625
1 0.8375 0.51875 0.01796875 0.0140625
0 0.96796875 0.13828125 0.0078125 0.03359375
2 0.08984375 0.60234375 0.07890625 0.02265625
2 0.15546875 0.55625 0.05078125 0.06796875
2 0.19765625 0.45078125 0.0375 0.13828125
2 0.2234375 0.33515625 0.01328125 0.090625
2 0.8 0.70234375 0.02109375 0.00390625
2 0.93125 0.75 0.00703125 0.00390625
2 0.85625 0.784375 0.0109375 0.00390625