1 0.490625 0.259375 0.015625 0.01171875
1 0.359375 0.3265625 0.00703125 0.00546875
1 0.2578125 0.47421875 0.009375 0.00625
1 0.17421875 0.78671875 0.0078125 0.0078125
0 0.2125 0.94375 0.0171875 0.01015625
0 0.06875 0.9421875 0.02109375 0.0046875
0 0.9578125 0.9421875 0.01015625 0.00546875
0 0.91484375 0.94375 0.00703125 0.0046875
1 0.70703125 0.74921875 0.0078125 0.00625
1 0.9421875 0.23671875 0.02421875 0.0140625
2 0.77734375 0.1859375 0.01171875 0.04375
2 0.78828125 0.23046875 0.01171875 0.04296875
2 0.79921875 0.27265625 0.01171875 0.0390625
1 0.6921875 0.44765625 0.00703125 0.009375
1 0.728125 0.39296875 0.00546875 0.00703125
1 0.759375 0.35 0.0046875 0.00625
1 0.7703125 0.15625 0.00625 0.0125
1 0.86640625 0.128125 0.00625 0.00625
2 0.790625 0.059375 0.0078125 0.02890625
2 0.7828125 0.09296875 0.009375 0.03828125
2 0.775 0.13046875 0.00859375 0.03515625
0 0.978125 0.13359375 0.00546875 0.00546875
0 0.97109375 0.23125 0.02421875 0.015625
0 0.1921875 0.05546875 0.0296875 0.00703125