2 0.09921875 0.3671875 0.140625 0.025
2 0.20390625 0.40703125 0.06640625 0.09375
2 0.24609375 0.53359375 0.0203125 0.16015625
2 0.25703125 0.675 0.03828125 0.11875
0 0.0484375 0.946875 0.01015625 0.0203125
1 0.15859375 0.84609375 0.01171875 0.01328125
1 0.1390625 0.1765625 0.01015625 0.01015625
1 0.37734375 0.2671875 0.00859375 0.00859375
0 0.10234375 0.06484375 0.02265625 0.00703125
0 0.5171875 0.04375 0.01484375 0.01171875
0 0.96171875 0.7859375 0.00625 0.01640625
0 0.9609375 0.76328125 0.009375 0.02109375
1 0.89140625 0.078125 0.00625 0.00625
1 0.72890625 0.24609375 0.00859375 0.00703125
1 0.58828125 0.434375 0.00703125 0.00703125
1 0.81015625 0.46328125 0.00859375 0.00625
1 0.70078125 0.66015625 0.00703125 0.00703125
0 0.040625 0.8234375 0.00390625 0.0140625