0 0.97890625 0.35625 0.01171875 0.028125
0 0.98046875 0.4484375 0.00703125 0.0234375
0 0.803125 0.0234375 0.028125 0.00859375
0 0.3140625 0.0203125 0.01875 0.00703125
0 0.028125 0.06875 0.009375 0.01171875
0 0.03359375 0.584375 0.01171875 0.02890625
0 0.04140625 0.9109375 0.00390625 0.02890625
0 0.11796875 0.975 0.0140625 0.0046875
0 0.30234375 0.9765625 0.03671875 0.00625
0 0.43203125 0.97578125 0.0140625 0.00703125
0 0.45625 0.97578125 0.0125 0.0078125
0 0.646875 0.97109375 0.0265625 0.01015625
0 0.97890625 0.66171875 0.00390625 0.00625
1 0.5296875 0.82890625 0.00390625 0.00546875
1 0.34140625 0.72421875 0.0171875 0.01328125
1 0.16171875 0.7875 0.0046875 0.00625
1 0.73203125 0.675 0.00625 0.00859375
1 0.1375 0.359375 0.00546875 0.00546875
1 0.51015625 0.42421875 0.00703125 0.009375
1 0.43203125 0.246875 0.0140625 0.01484375
1 0.6515625 0.2046875 0.0078125 0.009375
1 0.84609375 0.40078125 0.00625 0.00703125
0 0.96953125 0.9453125 0.0046875 0.025
1 0.9171875 0.10390625 0.00546875 0.00625