0 0.51328125 0.02890625 0.0390625 0.0109375
0 0.42265625 0.02578125 0.01015625 0.00390625
0 0.965625 0.13125 0.01015625 0.009375
0 0.46796875 0.9578125 0.05625 0.0125
0 0.03984375 0.3625 0.01015625 0.028125
0 0.03671875 0.240625 0.00546875 0.00703125
0 0.0375 0.1765625 0.00625 0.0515625
1 0.225 0.75078125 0.00625 0.00546875
0 0.96640625 0.296875 0.0125 0.00546875
2 0.8890625 0.28515625 0.03984375 0.00625
1 0.91484375 0.28828125 0.00625 0.003125
1 0.9265625 0.28984375 0.0109375 0.00390625
0 0.96796875 0.1140625 0.00546875 0.02265625