0 0.3140625 0.02890625 0.03671875 0.0046875
0 0.60625 0.0359375 0.0234375 0.0109375
0 0.7953125 0.03984375 0.02109375 0.00859375
0 0.81640625 0.03984375 0.01875 0.00703125
0 0.94453125 0.965625 0.00859375 0.003125
0 0.9546875 0.9625 0.01171875 0.00703125
0 0.84140625 0.96484375 0.01484375 0.009375
0 0.8265625 0.965625 0.0140625 0.00703125
0 0.8171875 0.96875 0.00546875 0.003125
0 0.02890625 0.884375 0.0078125 0.021875
0 0.02109375 0.7046875 0.003125 0.0125
0 0.02109375 0.4609375 0.0125 0.0140625
0 0.01953125 0.0296875 0.003125 0.003125
1 0.475 0.17890625 0.00546875 0.00546875
1 0.43671875 0.40390625 0.00546875 0.00546875
1 0.678125 0.2984375 0.00546875 0.00546875
1 0.24375 0.2546875 0.00546875 0.00546875
1 0.253125 0.6109375 0.00703125 0.0078125
1 0.15 0.85078125 0.009375 0.00703125
2 0.3515625 0.921875 0.0171875 0.09765625
2 0.34375 0.8421875 0.015625 0.05625
2 0.36953125 0.79765625 0.040625 0.0265625
2 0.41796875 0.771875 0.04609375 0.021875
2 0.48984375 0.753125 0.07265625 0.01640625
2 0.646875 0.75703125 0.1046875 0.01328125
2 0.7359375 0.72734375 0.025 0.03125
1 0.85078125 0.84921875 0.0125 0.0125