0 0.65 0.9625 0.01171875 0.0078125
2 0.7828125 0.8609375 0.0234375 0.20234375
0 0.9375 0.95703125 0.0125 0.0140625
0 0.95 0.7484375 0.00625 0.0109375
0 0.95703125 0.44453125 0.00859375 0.0234375
2 0.88203125 0.1546875 0.01484375 0.03828125
2 0.88515625 0.18125 0.0328125 0.0078125
2 0.8515625 0.18359375 0.01484375 0.03125
2 0.8296875 0.1375 0.0296875 0.06015625
2 0.83046875 0.046875 0.0125 0.01953125
0 0.9609375 0.0578125 0.00546875 0.00859375
2 0.9265625 0.11796875 0.0203125 0.0078125
0 0.95703125 0.0453125 0.009375 0.01171875
2 0.94296875 0.13046875 0.00859375 0.021875
1 0.31796875 0.4703125 0.00546875 0.00625