1 0.13515625 0.13125 0.01640625 0.0203125
0 0.04765625 0.21328125 0.00625 0.025
0 0.04765625 0.2390625 0.00546875 0.0234375
1 0.34921875 0.325 0.00546875 0.00625
1 0.5203125 0.23359375 0.01171875 0.01796875
1 0.1765625 0.4375 0.01484375 0.0203125
1 0.50625 0.53125 0.0203125 0.021875
1 0.65078125 0.6171875 0.0046875 0.00546875
1 0.840625 0.60390625 0.00390625 0.00546875
1 0.22109375 0.78359375 0.00546875 0.0046875
1 0.46953125 0.815625 0.00546875 0.00625
0 0.08359375 0.96953125 0.00703125 0.0078125
0 0.13515625 0.96640625 0.0171875 0.01328125
0 0.8140625 0.953125 0.0125 0.01015625
0 0.82890625 0.9546875 0.015625 0.00546875
0 0.84296875 0.953125 0.01015625 0.0078125
0 0.94765625 0.83828125 0.0078125 0.015625
0 0.95078125 0.80078125 0.00234375 0.00703125
0 0.95078125 0.815625 0.00234375 0.0125
0 0.95 0.8265625 0.00234375 0.00625
0 0.95078125 0.77578125 0.003125 0.00859375
0 0.9515625 0.27890625 0.00859375 0.01640625
0 0.95234375 0.29609375 0.00703125 0.01484375
0 0.94765625 0.03515625 0.009375 0.0109375
0 0.81953125 0.0296875 0.0203125 0.00546875
0 0.83984375 0.03125 0.0171875 0.0078125
1 0.796875 0.2390625 0.0078125 0.00625
1 0.69140625 0.14140625 0.0046875 0.0046875