1 0.1953125 0.15625 0.01015625 0.009375
1 0.3546875 0.31875 0.0046875 0.00625
1 0.68203125 0.4828125 0.00546875 0.0046875
1 0.7671875 0.43828125 0.01171875 0.00546875
1 0.546875 0.2546875 0.0078125 0.01015625
1 0.746875 0.13671875 0.00546875 0.0046875
1 0.19296875 0.49296875 0.00625 0.00703125
1 0.32734375 0.81015625 0.009375 0.01171875
1 0.59765625 0.88671875 0.00703125 0.00703125
1 0.75078125 0.67265625 0.00546875 0.00625
1 0.4671875 0.57734375 0.00546875 0.00625
0 0.88828125 0.97578125 0.034375 0.00625
0 0.92421875 0.9734375 0.0328125 0.00546875
0 0.9671875 0.38515625 0.01015625 0.02421875
0 0.96796875 0.40546875 0.00703125 0.015625
2 0.8609375 0.22421875 0.03671875 0.01953125
2 0.79296875 0.26328125 0.025 0.021875
2 0.7046875 0.3265625 0.03515625 0.025
1 0.83125 0.396875 0.003125 0.00625
1 0.55390625 0.5546875 0.00390625 0.00390625
1 0.121875 0.059375 0.00703125 0.00625
1 0.82734375 0.11484375 0.00390625 0.00390625
1 0.87265625 0.24453125 0.00390625 0.0046875