0 0.31328125 0.0484375 0.04921875 0.009375
0 0.94453125 0.06015625 0.04921875 0.0140625
0 0.96640625 0.12421875 0.01015625 0.01171875
0 0.95 0.940625 0.01015625 0.0421875
0 0.7484375 0.9625 0.04453125 0.0109375
0 0.04296875 0.13515625 0.00703125 0.0234375
0 0.06484375 0.05234375 0.04453125 0.00859375
1 0.19140625 0.20625 0.01484375 0.01640625
1 0.48359375 0.2296875 0.01796875 0.03046875
1 0.33203125 0.28828125 0.0109375 0.0109375
1 0.5015625 0.5171875 0.009375 0.0109375
1 0.76796875 0.509375 0.02109375 0.025
1 0.75234375 0.7515625 0.0109375 0.009375
1 0.44921875 0.67109375 0.015625 0.0171875
1 0.15 0.69765625 0.00859375 0.00625
1 0.7625 0.31171875 0.00703125 0.00703125
2 0.41328125 0.41640625 0.01640625 0.18515625
2 0.77734375 0.175 0.07265625 0.0234375
2 0.85703125 0.1921875 0.08203125 0.01484375
2 0.93515625 0.20078125 0.071875 0.009375
2 0.20625 0.7671875 0.04765625 0.0171875
2 0.25859375 0.78203125 0.053125 0.01484375
2 0.55625 0.74375 0.0328125 0.01875
2 0.59140625 0.76484375 0.0359375 0.02265625
1 0.58984375 0.37265625 0.00546875 0.00703125
1 0.4 0.77890625 0.0078125 0.00859375