0 0.05 0.11796875 0.00859375 0.02578125
1 0.23203125 0.19140625 0.01015625 0.009375
1 0.490625 0.35625 0.0234375 0.01484375
1 0.63671875 0.415625 0.01796875 0.01796875
1 0.88046875 0.48046875 0.0125 0.0125
2 0.54453125 0.1796875 0.15 0.028125
1 0.80859375 0.18046875 0.0171875 0.01484375
0 0.69609375 0.06015625 0.015625 0.01171875
1 0.7 0.25078125 0.01171875 0.01015625
1 0.23828125 0.60234375 0.01328125 0.01640625
1 0.5453125 0.7859375 0.01640625 0.015625
1 0.71484375 0.7484375 0.009375 0.01171875
0 0.9421875 0.82109375 0.0109375 0.04375
0 0.45859375 0.9546875 0.05 0.01171875
0 0.05703125 0.7390625 0.0109375 0.01953125
0 0.05234375 0.65546875 0.00703125 0.01328125
1 0.39140625 0.771875 0.0109375 0.01171875
1 0.51640625 0.665625 0.0109375 0.0125