1 0.15546875 0.1546875 0.01171875 0.015625
1 0.40234375 0.2625 0.009375 0.01171875
1 0.75859375 0.2609375 0.0078125 0.009375
1 0.609375 0.44453125 0.00703125 0.0078125
1 0.83046875 0.4828125 0.00703125 0.00859375
1 0.7140625 0.67734375 0.009375 0.00859375
1 0.24453125 0.65078125 0.009375 0.009375
1 0.15 0.85390625 0.01484375 0.0140625
2 0.07109375 0.3578125 0.08828125 0.015625
2 0.17890625 0.3515625 0.040625 0.02109375
1 0.12421875 0.3484375 0.0109375 0.00859375
1 0.14375 0.3453125 0.0109375 0.009375
2 0.21328125 0.38125 0.02265625 0.03515625
2 0.23671875 0.42578125 0.02109375 0.04609375
2 0.2546875 0.48984375 0.01953125 0.07265625
2 0.2765625 0.73671875 0.03046875 0.0265625
2 0.25234375 0.60859375 0.01484375 0.03828125
1 0.028125 0.95703125 0.009375 0.021875
1 0.95 0.78671875 0.00625 0.00625