2 0.24140625 0.221875 0.028125 0.10859375
2 0.6046875 0.40390625 0.18046875 0.0171875
2 0.89921875 0.271875 0.01171875 0.13828125
1 0.80859375 0.17890625 0.01640625 0.015625
1 0.7875 0.4734375 0.028125 0.01953125
0 0.95625 0.05234375 0.01015625 0.04609375
1 0.34921875 0.44375 0.01796875 0.01640625
2 0.26484375 0.571875 0.0421875 0.07578125
1 0.72890625 0.32109375 0.01015625 0.01328125
1 0.5046875 0.49453125 0.00859375 0.00703125
1 0.271875 0.75234375 0.009375 0.0109375
1 0.51640625 0.76171875 0.0234375 0.02109375
2 0.6734375 0.865625 0.08515625 0.040625
0 0.95390625 0.9140625 0.0109375 0.03046875
0 0.9515625 0.940625 0.01328125 0.01484375
2 0.81796875 0.90625 0.01484375 0.0984375
0 0.0921875 0.9578125 0.02109375 0.009375
0 0.05546875 0.7546875 0.0109375 0.0453125
1 0.31796875 0.134375 0.0078125 0.01015625
0 0.87734375 0.03046875 0.0203125 0.0078125