1 0.19296875 0.20859375 0.0203125 0.01875
1 0.728125 0.75390625 0.021875 0.025
1 0.36875 0.89140625 0.01796875 0.0171875
0 0.0625 0.05859375 0.0453125 0.03515625
0 0.1015625 0.04140625 0.025 0.00703125
0 0.13515625 0.0421875 0.03828125 0.0078125
0 0.17265625 0.04140625 0.03359375 0.0078125
0 0.36953125 0.03984375 0.02578125 0.01328125
0 0.58125 0.0375 0.03359375 0.0109375
0 0.61640625 0.04296875 0.034375 0.0203125
1 0.74296875 0.2484375 0.0328125 0.02265625
0 0.95390625 0.403125 0.028125 0.04921875
0 0.94765625 0.821875 0.01640625 0.03671875
0 0.634375 0.97265625 0.03203125 0.01484375
0 0.396875 0.971875 0.01328125 0.01171875
0 0.0484375 0.72734375 0.0203125 0.04609375
1 0.48671875 0.52734375 0.04453125 0.0390625
2 0.425 0.4203125 0.1859375 0.03046875
2 0.5734375 0.2921875 0.221875 0.06328125
2 0.83359375 0.67890625 0.0234375 0.12890625
2 0.5828125 0.7171875 0.1953125 0.08671875
2 0.225 0.3109375 0.084375 0.1140625
2 0.2375 0.22265625 0.0609375 0.0515625
2 0.29375 0.2140625 0.046875 0.0703125
2 0.32421875 0.3046875 0.10234375 0.1