1 0.5390625 0.2390625 0.00859375 0.01015625
1 0.29609375 0.33046875 0.00703125 0.00625
1 0.69140625 0.34453125 0.009375 0.0078125
1 0.23515625 0.675 0.009375 0.01015625
2 0.91640625 0.76640625 0.11484375 0.03125
2 0.796875 0.765625 0.12109375 0.02890625
1 0.7671875 0.9203125 0.0140625 0.0234375
1 0.55546875 0.66875 0.009375 0.0078125
1 0.6109375 0.70546875 0.00625 0.00703125
1 0.67421875 0.753125 0.00859375 0.0078125
0 0.04296875 0.1828125 0.0125 0.025
0 0.77265625 0.94921875 0.01484375 0.0234375
1 0.65546875 0.73828125 0.00703125 0.00625
0 0.021875 0.91796875 0.00703125 0.009375
0 0.02109375 0.87578125 0.00625 0.00859375
0 0.98125 0.18984375 0.00703125 0.028125