2 0.484375 0.11015625 0.01875 0.14921875
2 0.50625 0.25 0.025 0.125
2 0.54609375 0.41328125 0.0515625 0.1328125
2 0.584375 0.5734375 0.015625 0.12265625
2 0.59296875 0.71484375 0.0125 0.14765625
2 0.59296875 0.8265625 0.0140625 0.071875
2 0.58671875 0.92265625 0.0046875 0.08828125
2 0.2421875 0.51796875 0.165625 0.0625
1 0.23984375 0.14609375 0.0046875 0.0046875
0 0.49140625 0.965625 0.04296875 0.0109375
1 0.81640625 0.76328125 0.00390625 0.00625
2 0.7796875 0.62109375 0.05 0.13046875
1 0.7671875 0.38671875 0.00625 0.0078125
0 0.959375 0.36875 0.0109375 0.03515625
0 0.8578125 0.04296875 0.01640625 0.01171875
0 0.62734375 0.034375 0.00859375 0.00625
1 0.57578125 0.50546875 0.00546875 0.009375
1 0.5734375 0.49375 0.003125 0.0046875
1 0.57265625 0.48515625 0.003125 0.0046875
1 0.5875 0.86953125 0.00546875 0.01328125