1 0.6921875 0.31328125 0.0203125 0.0234375
1 0.32421875 0.35546875 0.0125 0.02109375
1 0.5515625 0.66875 0.0140625 0.01484375
1 0.25234375 0.7328125 0.009375 0.0109375
0 0.03046875 0.25625 0.0125 0.01875
0 0.253125 0.9859375 0.01171875 0.00546875
0 0.6546875 0.9875 0.0109375 0.00859375
0 0.04921875 0.9796875 0.00625 0.0109375
2 0.9265625 0.03984375 0.0515625 0.0234375
0 0.96875 0.978125 0.0125 0.009375
0 0.72265625 0.01484375 0.02734375 0.00703125
0 0.96328125 0.025 0.03671875 0.0234375
0 0.0421875 0.80625 0.00546875 0.0171875