2 0.64375 0.11484375 0.02109375 0.1703125
2 0.5640625 0.23203125 0.1390625 0.059375
2 0.41796875 0.25546875 0.14765625 0.0171875
2 0.2859375 0.31640625 0.07890625 0.1375
1 0.83671875 0.153125 0.0109375 0.01015625
1 0.14921875 0.15625 0.0125 0.01171875
1 0.734375 0.39765625 0.009375 0.00859375
1 0.55859375 0.6046875 0.0078125 0.01015625
1 0.33125 0.71015625 0.00703125 0.00859375
1 0.52421875 0.82109375 0.00703125 0.0078125
1 0.740625 0.746875 0.0078125 0.01015625
0 0.209375 0.95625 0.01640625 0.0078125
0 0.22890625 0.95546875 0.01640625 0.0078125
0 0.95234375 0.54453125 0.01484375 0.01640625
0 0.04609375 0.03671875 0.02109375 0.009375
1 0.74140625 0.7328125 0.0046875 0.0046875
1 0.68203125 0.7765625 0.00703125 0.009375
1 0.19609375 0.8375 0.0046875 0.0046875
1 0.32734375 0.9140625 0.00234375 0.00234375
1 0.44140625 0.928125 0.003125 0.003125
1 0.47578125 0.9 0.00234375 0.00234375
1 0.77265625 0.925 0.003125 0.003125
1 0.8515625 0.9203125 0.003125 0.00234375
0 0.9578125 0.3015625 0.003125 0.01328125
0 0.1734375 0.03125 0.0171875 0.0046875