0 0.721875 0.028125 0.02265625 0.00703125
1 0.5484375 0.17890625 0.015625 0.01328125
1 0.27265625 0.26328125 0.009375 0.01328125
1 0.7328125 0.35 0.009375 0.0109375
1 0.4578125 0.55078125 0.01484375 0.015625
1 0.26328125 0.76953125 0.02265625 0.025
1 0.846875 0.8296875 0.021875 0.0234375
0 0.94921875 0.03046875 0.0125 0.00546875
0 0.94765625 0.94375 0.01484375 0.015625
0 0.9578125 0.58046875 0.00703125 0.00859375
0 0.28203125 0.9625 0.0078125 0.00390625
0 0.3109375 0.9609375 0.0296875 0.00703125
0 0.06953125 0.95703125 0.0109375 0.00859375
0 0.0453125 0.5046875 0.0078125 0.03125
0 0.48203125 0.96171875 0.00859375 0.0046875
0 0.646875 0.959375 0.01484375 0.003125