1 0.17578125 0.19609375 0.0140625 0.015625
1 0.31953125 0.2796875 0.01015625 0.009375
1 0.40078125 0.4078125 0.0171875 0.1828125
1 0.43671875 0.40078125 0.00625 0.0109375
1 0.48984375 0.5109375 0.0078125 0.01015625
1 0.58203125 0.3671875 0.00625 0.00546875
1 0.7625 0.50703125 0.0203125 0.02265625
1 0.759375 0.309375 0.0078125 0.0078125
1 0.47578125 0.22265625 0.01875 0.03125
2 0.79453125 0.17578125 0.11171875 0.03125
2 0.915625 0.19765625 0.11328125 0.01484375
0 0.96953125 0.12890625 0.01015625 0.02109375
0 0.9390625 0.0578125 0.03671875 0.01015625
0 0.96640625 0.0609375 0.01484375 0.01171875
0 0.30234375 0.0390625 0.0484375 0.00859375
0 0.0484375 0.03984375 0.04765625 0.0078125
0 0.025 0.1234375 0.0078125 0.025
1 0.12578125 0.6890625 0.009375 0.00703125
1 0.434375 0.665625 0.015625 0.01796875
1 0.74296875 0.75 0.01015625 0.0109375
0 0.7359375 0.96171875 0.04453125 0.009375
0 0.9421875 0.9328125 0.009375 0.021875
1 0.38203125 0.7734375 0.0078125 0.0078125
1 0.16796875 0.8875 0.00546875 0.00546875