2 0.478125 0.1328125 0.053125 0.1609375
2 0.51328125 0.26015625 0.0171875 0.0921875
2 0.4390625 0.03125 0.0171875 0.02734375
1 0.44921875 0.0484375 0.003125 0.00625
1 0.60703125 0.6609375 0.00546875 0.00703125
1 0.465625 0.86875 0.009375 0.009375
0 0.54296875 0.971875 0.025 0.009375
1 0.846875 0.503125 0.00703125 0.0078125
2 0.9640625 0.19765625 0.0078125 0.003125
1 0.14296875 0.83828125 0.00625 0.00546875
0 0.05234375 0.96171875 0.009375 0.0125
1 0.340625 0.46484375 0.00703125 0.0078125
1 0.3359375 0.2265625 0.00859375 0.00859375
1 0.709375 0.3265625 0.00859375 0.00859375
0 0.96015625 0.68984375 0.003125 0.0078125