0 0.03515625 0.1171875 0.00546875 0.0328125
0 0.03671875 0.146875 0.009375 0.025
0 0.0359375 0.04375 0.00625 0.00546875
0 0.0359375 0.3609375 0.0015625 0.01640625
0 0.0375 0.41875 0.00234375 0.00546875
0 0.06484375 0.9828125 0.00546875 0.00390625
0 0.3578125 0.9828125 0.01640625 0.00703125
0 0.3734375 0.98203125 0.0140625 0.00625
0 0.9609375 0.9671875 0.009375 0.00546875
0 0.971875 0.9609375 0.0125 0.01796875
0 0.98125 0.51875 0.0109375 0.02265625
0 0.984375 0.5390625 0.0046875 0.0171875
2 0.409375 0.04921875 0.0078125 0.03671875
2 0.4078125 0.13125 0.0125 0.06875
2 0.41328125 0.196875 0.0078125 0.034375
2 0.43828125 0.31328125 0.02734375 0.11484375
2 0.4671875 0.43125 0.02734375 0.0984375
2 0.49375 0.53515625 0.028125 0.096875
2 0.51640625 0.625 0.02109375 0.07734375
2 0.54453125 0.72421875 0.034375 0.07421875
2 0.578125 0.78359375 0.0375 0.03984375
2 0.67109375 0.81484375 0.12890625 0.01796875
2 0.8125 0.80625 0.03671875 0.01328125
1 0.75078125 0.6921875 0.00390625 0.0046875