2 0.65390625 0.21796875 0.0265625 0.15234375
2 0.4359375 0.6671875 0.0640625 0.1296875
2 0.82734375 0.66328125 0.03984375 0.13046875
1 0.709375 0.75859375 0.0203125 0.01875
1 0.39765625 0.7640625 0.0078125 0.0078125
1 0.5515625 0.64609375 0.00546875 0.00703125
1 0.27890625 0.63828125 0.00859375 0.0078125
1 0.15234375 0.52734375 0.015625 0.01640625
1 0.3109375 0.484375 0.00625 0.009375
1 0.1984375 0.8109375 0.0078125 0.00546875
1 0.73984375 0.36328125 0.00859375 0.00546875
1 0.2296875 0.28203125 0.02265625 0.02421875
1 0.4953125 0.2328125 0.0078125 0.009375
1 0.8234375 0.153125 0.00703125 0.00703125
1 0.62265625 0.8671875 0.00546875 0.00625
0 0.9703125 0.59140625 0.01171875 0.01796875
0 0.84765625 0.97421875 0.02734375 0.009375
2 0.81484375 0.96015625 0.1296875 0.01875
2 0.96328125 0.67578125 0.021875 0.0078125
2 0.23359375 0.10234375 0.04921875 0.01015625
0 0.06171875 0.9578125 0.0109375 0.03515625
0 0.3625 0.98203125 0.05 0.00859375
0 0.0359375 0.296875 0.009375 0.04453125
0 0.08515625 0.040625 0.01484375 0.0078125
0 0.58984375 0.9828125 0.00859375 0.00546875