2 0.0875 0.22734375 0.059375 0.0203125
2 0.13515625 0.2453125 0.02890625 0.0140625
2 0.19765625 0.2828125 0.03359375 0.02578125
2 0.29765625 0.34296875 0.059375 0.02890625
2 0.378125 0.3859375 0.06171875 0.0375
2 0.440625 0.428125 0.059375 0.04140625
2 0.50390625 0.47734375 0.03984375 0.0390625
2 0.55546875 0.53203125 0.05 0.05703125
2 0.60078125 0.596875 0.028125 0.05546875
2 0.6296875 0.65546875 0.0125 0.03125
2 0.64765625 0.70546875 0.02109375 0.0578125
2 0.23046875 0.30625 0.028125 0.01796875
2 0.165625 0.2609375 0.02734375 0.01640625
2 0.67109375 0.76484375 0.0265625 0.05390625
2 0.6953125 0.8171875 0.01796875 0.03984375
1 0.79921875 0.7859375 0.015625 0.01796875
2 0.6359375 0.5296875 0.06015625 0.01171875
2 0.70546875 0.54140625 0.07265625 0.0109375
2 0.7828125 0.5515625 0.0765625 0.01171875
1 0.69453125 0.41171875 0.01484375 0.0171875
2 0.75625 0.15390625 0.12421875 0.009375
1 0.6875 0.2390625 0.009375 0.00859375
0 0.95390625 0.3453125 0.00859375 0.06796875
1 0.40078125 0.17265625 0.00703125 0.00703125
2 0.1625 0.0984375 0.01171875 0.0359375
2 0.175 0.1375 0.01484375 0.0375
0 0.18984375 0.04609375 0.01015625 0.0078125
0 0.06171875 0.04765625 0.01796875 0.00546875
0 0.05546875 0.1296875 0.0078125 0.03359375
0 0.053125 0.21953125 0.0046875 0.0078125
1 0.3375 0.36171875 0.01484375 0.0109375
2 0.26484375 0.5203125 0.01171875 0.0421875
2 0.27734375 0.56953125 0.01484375 0.0515625
1 0.1703125 0.54609375 0.00859375 0.0109375
2 0.20625 0.77265625 0.0875 0.0171875
1 0.3296875 0.76796875 0.00703125 0.00859375
1 0.45625 0.82265625 0.01796875 0.0125
0 0.075 0.94765625 0.02109375 0.01796875
0 0.35078125 0.9578125 0.01875 0.0109375
0 0.71640625 0.95859375 0.0171875 0.009375
2 0.71328125 0.93515625 0.00546875 0.0328125