2 0.3203125 0.43203125 0.04609375 0.01875
1 0.575 0.50859375 0.0078125 0.00703125
1 0.63984375 0.1453125 0.00546875 0.00703125
1 0.32109375 0.81171875 0.0078125 0.009375
1 0.3328125 0.7234375 0.009375 0.00703125
1 0.59453125 0.8328125 0.00546875 0.00546875
0 0.54921875 0.96171875 0.02109375 0.00703125
0 0.53359375 0.96484375 0.00703125 0.003125
1 0.5953125 0.6015625 0.003125 0.003125
1 0.54921875 0.31484375 0.00234375 0.003125
1 0.225 0.16015625 0.0078125 0.00625
1 0.1890625 0.103125 0.00625 0.00625
0 0.0390625 0.30078125 0.00703125 0.02578125
0 0.03984375 0.11328125 0.00625 0.015625
0 0.03984375 0.4515625 0.00703125 0.01328125
0 0.03984375 0.428125 0.0078125 0.0109375
0 0.06953125 0.95546875 0.021875 0.00390625
1 0.13671875 0.90234375 0.0046875 0.00703125
1 0.871875 0.89921875 0.00703125 0.00546875
1 0.78046875 0.6453125 0.0078125 0.00625
0 0.9578125 0.32578125 0.0078125 0.0109375
0 0.915625 0.04296875 0.0109375 0.00859375
1 0.828125 0.52734375 0.00546875 0.0046875
1 0.7203125 0.41640625 0.00390625 0.00390625
1 0.83359375 0.16328125 0.00546875 0.0046875
1 0.18359375 0.525 0.00625 0.0046875
1 0.08125 0.721875 0.00390625 0.00390625
1 0.284375 0.6046875 0.0046875 0.00546875
1 0.64296875 0.5078125 0.00390625 0.0046875
1 0.46640625 0.278125 0.003125 0.003125
1 0.509375 0.2828125 0.00234375 0.00234375
0 0.82578125 0.0375 0.01640625 0.003125
0 0.1046875 0.0375 0.0265625 0.0046875