1 0.3640625 0.375 0.01796875 0.0125
1 0.4890625 0.8015625 0.01171875 0.01640625
1 0.68828125 0.5578125 0.0140625 0.01015625
1 0.66953125 0.175 0.01171875 0.00859375
0 0.70859375 0.03359375 0.0234375 0.01015625
1 0.896875 0.71171875 0.01015625 0.0140625
0 0.60078125 0.97421875 0.02734375 0.00546875
0 0.9609375 0.0390625 0.01171875 0.00859375
0 0.04765625 0.2203125 0.0046875 0.01015625
0 0.046875 0.1875 0.003125 0.0078125
1 0.22890625 0.7640625 0.0125 0.0078125
0 0.31171875 0.975 0.03671875 0.00625
0 0.27265625 0.97578125 0.03984375 0.00390625