2 0.2625 0.12421875 0.06953125 0.0359375
2 0.18984375 0.16328125 0.07109375 0.03828125
0 0.2390625 0.0359375 0.03125 0.009375
0 0.70859375 0.03203125 0.05703125 0.00859375
2 0.7359375 0.24296875 0.0359375 0.14375
0 0.94453125 0.534375 0.01875 0.06015625
2 0.83671875 0.85859375 0.06640625 0.115625
0 0.6515625 0.959375 0.04921875 0.01328125
2 0.51875 0.73984375 0.05625 0.17890625
1 0.64296875 0.6359375 0.02109375 0.01484375
1 0.3484375 0.828125 0.0125 0.009375
0 0.31328125 0.9625 0.02421875 0.01328125
2 0.15 0.58125 0.0125 0.14453125
0 0.05234375 0.6203125 0.0125 0.03515625
1 0.325 0.45703125 0.01328125 0.01171875
1 0.1140625 0.3015625 0.01171875 0.0171875
1 0.521875 0.21015625 0.0109375 0.0171875
1 0.78125 0.25078125 0.0140625 0.0109375
1 0.68515625 0.45546875 0.0125 0.0109375