1 0.3125 0.378125 0.02578125 0.03515625
1 0.5890625 0.44453125 0.0234375 0.0203125
1 0.2421875 0.68046875 0.0109375 0.0140625
0 0.49140625 0.0375 0.05234375 0.01796875
0 0.05078125 0.04296875 0.01328125 0.01171875
1 0.14140625 0.1234375 0.01328125 0.02109375
0 0.04296875 0.3875 0.00859375 0.04921875
0 0.046875 0.70234375 0.0125 0.0359375
0 0.5703125 0.9359375 0.0828125 0.0203125
0 0.94609375 0.41171875 0.02421875 0.01484375
0 0.95 0.390625 0.01640625 0.02265625
2 0.38515625 0.2171875 0.34453125 0.03359375
2 0.80234375 0.39140625 0.02421875 0.20390625
0 0.05234375 0.9125 0.0125 0.0296875
0 0.9375 0.77578125 0.01171875 0.03203125
0 0.95 0.0453125 0.01875 0.01484375
2 0.684375 0.26328125 0.1171875 0.096875
2 0.5515625 0.36875 0.14765625 0.10859375
2 0.67578125 0.57578125 0.11875 0.10390625
2 0.3453125 0.71484375 0.02890625 0.11953125