1 0.23984375 0.21640625 0.00703125 0.00625
1 0.434375 0.4390625 0.00703125 0.01015625
1 0.5203125 0.80078125 0.00859375 0.0078125
1 0.79453125 0.2625 0.00859375 0.00703125
1 0.90859375 0.32734375 0.00625 0.00546875
1 0.890625 0.60390625 0.00703125 0.00546875
0 0.0578125 0.890625 0.00859375 0.021875
0 0.059375 0.8734375 0.01171875 0.0078125
0 0.503125 0.97109375 0.03671875 0.009375
2 0.1359375 0.725 0.0421875 0.0078125
2 0.08125 0.7171875 0.0609375 0.01953125
0 0.55078125 0.04296875 0.05625 0.0125
0 0.9453125 0.04921875 0.0109375 0.00703125
0 0.96484375 0.65078125 0.0109375 0.03125
0 0.9609375 0.83125 0.00703125 0.05
0 0.9625 0.7703125 0.00625 0.00546875
0 0.5875 0.97265625 0.0078125 0.0046875