0 0.509375 0.01796875 0.021875 0.0109375
0 0.5296875 0.0140625 0.01796875 0.0046875
0 0.9671875 0.02265625 0.01875 0.01328125
0 0.97421875 0.034375 0.00546875 0.00859375
0 0.97578125 0.65703125 0.00703125 0.015625
0 0.97578125 0.671875 0.00625 0.0140625
0 0.96953125 0.9703125 0.00390625 0.00546875
0 0.053125 0.98515625 0.0046875 0.00625
0 0.1109375 0.9875 0.00625 0.003125
0 0.11796875 0.98671875 0.00625 0.003125
0 0.1234375 0.98671875 0.003125 0.00390625
0 0.12734375 0.9875 0.003125 0.00234375
0 0.13203125 0.9859375 0.00625 0.0046875
0 0.13828125 0.9875 0.00546875 0.00390625
0 0.14453125 0.9859375 0.00546875 0.0046875
0 0.15390625 0.984375 0.0109375 0.00859375
2 0.0484375 0.6140625 0.03359375 0.00625
2 0.12109375 0.61796875 0.0390625 0.00625
2 0.18515625 0.6125 0.06171875 0.0140625
2 0.28828125 0.5890625 0.078125 0.0203125
2 0.40234375 0.56328125 0.1328125 0.0421875
2 0.53203125 0.528125 0.10546875 0.03046875
2 0.65859375 0.4953125 0.1109375 0.03359375
2 0.75 0.46015625 0.06953125 0.04140625
2 0.80078125 0.39296875 0.03203125 0.08515625
2 0.81015625 0.26640625 0.0203125 0.1609375
1 0.68515625 0.2609375 0.0046875 0.0046875
1 0.5 0.7421875 0.00625 0.0046875