0 0.82734375 0.07734375 0.00703125 0.00625
0 0.86640625 0.078125 0.00859375 0.0046875
0 0.88046875 0.08046875 0.01875 0.00703125
0 0.896875 0.07890625 0.0140625 0.00234375
1 0.5203125 0.2453125 0.01640625 0.01171875
1 0.86328125 0.2953125 0.01328125 0.01796875
1 0.54609375 0.4578125 0.02265625 0.015625
1 0.9046875 0.55703125 0.02265625 0.0171875
1 0.23671875 0.44453125 0.01171875 0.01484375
1 0.46015625 0.675 0.015625 0.0171875
1 0.175 0.80234375 0.01171875 0.0125
0 0.07890625 0.94375 0.02734375 0.009375
0 0.346875 0.94921875 0.0328125 0.0078125
2 0.88359375 0.9 0.13984375 0.0484375
0 0.03828125 0.240625 0.0078125 0.0140625
0 0.028125 0.63125 0.01171875 0.03515625
1 0.23828125 0.16953125 0.00546875 0.00546875
0 0.95859375 0.11484375 0.00234375 0.00703125
0 0.95703125 0.0828125 0.003125 0.0046875
0 0.96015625 0.58984375 0.00625 0.01796875
0 0.96171875 0.55078125 0.0046875 0.009375
1 0.70859375 0.26015625 0.00703125 0.0078125