1 0.20546875 0.3859375 0.00546875 0.009375
1 0.47109375 0.215625 0.0078125 0.00703125
1 0.47421875 0.52421875 0.01328125 0.009375
1 0.2171875 0.634375 0.00625 0.00703125
1 0.2734375 0.74140625 0.0109375 0.01015625
1 0.55 0.765625 0.0078125 0.00859375
1 0.81484375 0.790625 0.00625 0.00546875
1 0.8734375 0.85625 0.00703125 0.00703125
1 0.70859375 0.4390625 0.009375 0.00703125
1 0.846875 0.15625 0.00546875 0.00546875
0 0.6015625 0.034375 0.0390625 0.01484375
0 0.053125 0.96015625 0.01015625 0.0140625
0 0.05 0.04765625 0.0125 0.01796875