0 0.3796875 0.0375 0.0359375 0.01171875
1 0.57265625 0.24296875 0.0125 0.0109375
1 0.33984375 0.46875 0.01484375 0.01328125
1 0.5625 0.55234375 0.01484375 0.02109375
1 0.46640625 0.9109375 0.01640625 0.0203125
0 0.43359375 0.96640625 0.0171875 0.0046875
0 0.47421875 0.9671875 0.00625 0.00390625
2 0.76953125 0.9625 0.0015625 0.00625
2 0.6703125 0.9640625 0.0015625 0.0046875
0 0.9203125 0.959375 0.0078125 0.003125
0 0.95703125 0.89609375 0.0015625 0.01484375
0 0.9546875 0.875 0.0078125 0.02421875
1 0.853125 0.240625 0.0046875 0.00546875
0 0.778125 0.04140625 0.01484375 0.00703125
0 0.06171875 0.09296875 0.00859375 0.025
0 0.06015625 0.359375 0.0078125 0.03125
2 0.1171875 0.8953125 0.0453125 0.1390625
1 0.734375 0.86640625 0.015625 0.01171875
1 0.77890625 0.52265625 0.01015625 0.01328125
1 0.2078125 0.1875 0.01328125 0.0109375
1 0.196875 0.71640625 0.003125 0.0046875
1 0.1609375 0.7671875 0.0046875 0.0046875
1 0.16015625 0.78984375 0.00390625 0.00390625
1 0.1625 0.92109375 0.00390625 0.00234375
1 0.1625 0.94296875 0.003125 0.00234375
1 0.16328125 0.93515625 0.00234375 0.003125
1 0.16484375 0.909375 0.00234375 0.00390625