0 0.05390625 0.04140625 0.02890625 0.00859375
0 0.04140625 0.178125 0.00625 0.04375
2 0.29609375 0.94140625 0.0125 0.05625
0 0.67421875 0.9640625 0.0265625 0.0078125
0 0.65078125 0.9640625 0.01796875 0.0078125
0 0.765625 0.96171875 0.009375 0.0046875
0 0.96796875 0.05390625 0.00625 0.01484375
0 0.96796875 0.071875 0.0078125 0.01875
0 0.43828125 0.03671875 0.0125 0.00625
1 0.771875 0.24453125 0.0078125 0.00546875
1 0.8296875 0.45703125 0.0109375 0.00859375
1 0.69921875 0.65078125 0.00625 0.00703125
1 0.43125 0.546875 0.0046875 0.00546875
2 0.33125 0.871875 0.03359375 0.0375
2 0.3578125 0.775 0.01796875 0.1515625
2 0.35625 0.61015625 0.01796875 0.171875
2 0.34453125 0.428125 0.025 0.18828125