0 0.0375 0.02421875 0.01328125 0.00859375
0 0.31796875 0.02578125 0.02109375 0.01796875
0 0.52421875 0.02265625 0.03359375 0.0109375
1 0.45625 0.21796875 0.01171875 0.01015625
0 0.03046875 0.5140625 0.01015625 0.0484375
1 0.2859375 0.69453125 0.009375 0.009375
1 0.57109375 0.48359375 0.01015625 0.00859375
1 0.13203125 0.865625 0.009375 0.00859375
1 0.56796875 0.853125 0.00703125 0.00703125
2 0.0671875 0.36953125 0.0796875 0.0171875
2 0.203125 0.340625 0.175 0.028125
2 0.59375 0.2953125 0.078125 0.02265625
2 0.4140625 0.31171875 0.2265625 0.0375
2 0.0640625 0.5703125 0.06953125 0.02109375
2 0.13046875 0.6421875 0.0546875 0.1140625
2 0.16328125 0.7546875 0.01640625 0.09296875
1 0.80625 0.72578125 0.00703125 0.00703125
1 0.846875 0.4171875 0.01171875 0.01015625
1 0.7171875 0.22265625 0.00703125 0.00703125
0 0.96953125 0.16171875 0.00625 0.02109375
0 0.95390625 0.8703125 0.00546875 0.040625
1 0.6859375 0.85078125 0.00546875 0.0046875
1 0.11171875 0.35859375 0.00703125 0.00703125