1 0.3390625 0.0640625 0.00390625 0.0125
2 0.35859375 0.11953125 0.040625 0.09609375
2 0.403125 0.21796875 0.04765625 0.09765625
2 0.44921875 0.315625 0.04296875 0.09375
2 0.58359375 0.234375 0.09453125 0.01640625
2 0.453125 0.540625 0.05390625 0.08046875
2 0.49375 0.43046875 0.04375 0.1359375
2 0.52421875 0.5515625 0.01953125 0.1015625
2 0.5359375 0.65546875 0.01796875 0.103125
1 0.42734375 0.7125 0.00546875 0.0046875
0 0.628125 0.0359375 0.01328125 0.00546875
0 0.30390625 0.03984375 0.03203125 0.00625
2 0.40546875 0.90078125 0.04921875 0.11171875
2 0.8578125 0.9015625 0.0421875 0.0359375
2 0.9125 0.9375 0.0671875 0.034375
0 0.94765625 0.878125 0.00625 0.02578125
1 0.7296875 0.40234375 0.00390625 0.0046875
2 0.8734375 0.18359375 0.0671875 0.14609375
0 0.95859375 0.215625 0.009375 0.0375
1 0.74609375 0.15078125 0.0046875 0.0046875
1 0.25234375 0.2453125 0.00546875 0.00546875
0 0.04921875 0.2578125 0.0046875 0.025
0 0.05078125 0.234375 0.009375 0.01171875
0 0.24453125 0.95078125 0.0296875 0.0046875
1 0.16796875 0.7484375 0.0140625 0.0140625
1 0.16796875 0.5328125 0.00703125 0.00546875
2 0.33828125 0.046875 0.00625 0.01875