0 0.03203125 0.30859375 0.0046875 0.01328125
0 0.034375 0.3234375 0.00859375 0.01328125
1 0.14296875 0.38046875 0.00703125 0.0078125
1 0.37265625 0.23671875 0.01640625 0.02109375
1 0.57421875 0.4078125 0.01484375 0.0171875
1 0.71953125 0.20703125 0.01015625 0.0109375
1 0.7765625 0.63671875 0.0140625 0.01171875
1 0.46015625 0.8578125 0.0109375 0.0109375
1 0.18359375 0.74453125 0.01796875 0.01953125
0 0.0421875 0.746875 0.00625 0.021875
0 0.04375 0.76484375 0.0078125 0.01171875
0 0.18125 0.96640625 0.02578125 0.0125
0 0.946875 0.8890625 0.01015625 0.00859375
0 0.94765625 0.90234375 0.00625 0.01640625
0 0.67265625 0.0265625 0.0078125 0.00703125
0 0.68984375 0.02734375 0.02578125 0.00703125
0 0.70859375 0.02578125 0.00859375 0.00390625
0 0.4703125 0.02265625 0.01171875 0.003125
0 0.0328125 0.03203125 0.0046875 0.00859375
2 0.1328125 0.53671875 0.071875 0.0484375
2 0.20703125 0.609375 0.0375 0.04921875