0 0.0625 0.04609375 0.0203125 0.03359375
2 0.078125 0.08671875 0.015625 0.04140625
0 0.40390625 0.0328125 0.0359375 0.01171875
0 0.68046875 0.034375 0.0140625 0.0046875
0 0.7015625 0.03671875 0.01640625 0.00859375
1 0.3234375 0.315625 0.0203125 0.01875
1 0.1484375 0.7078125 0.0125 0.01484375
1 0.35703125 0.6734375 0.01640625 0.01015625
1 0.65703125 0.45859375 0.0125 0.01171875
1 0.71015625 0.7546875 0.009375 0.00859375
0 0.47265625 0.9578125 0.03515625 0.01015625
0 0.26015625 0.95234375 0.015625 0.009375
0 0.7734375 0.96171875 0.01484375 0.00625
0 0.878125 0.96171875 0.0078125 0.00546875
1 0.86015625 0.50625 0.015625 0.01796875
0 0.95234375 0.65234375 0.0078125 0.0375
0 0.9625 0.3640625 0.0046875 0.0078125
1 0.7484375 0.1703125 0.0125 0.01953125
0 0.9640625 0.04921875 0.00859375 0.01171875
0 0.05 0.28046875 0.00625 0.03125