1 0.54765625 0.31171875 0.01015625 0.0078125
0 0.0703125 0.0578125 0.0078125 0.0140625
0 0.9421875 0.91484375 0.0078125 0.01640625
2 0.86484375 0.446875 0.16640625 0.05546875
2 0.71875 0.51640625 0.0890625 0.0625
2 0.63984375 0.571875 0.04140625 0.03125
2 0.590625 0.6046875 0.03359375 0.0203125
1 0.77109375 0.48125 0.0109375 0.009375
1 0.66640625 0.55078125 0.00859375 0.00625
1 0.61328125 0.59140625 0.01015625 0.00859375
1 0.5671875 0.61875 0.00859375 0.0078125
2 0.51328125 0.64609375 0.09921875 0.040625
2 0.384375 0.6828125 0.15390625 0.034375
2 0.25390625 0.70703125 0.1 0.01796875