1 0.50625 0.215625 0.01640625 0.0171875
2 0.66328125 0.21640625 0.059375 0.0234375
2 0.7296875 0.2390625 0.0703125 0.0234375
1 0.6234375 0.35078125 0.015625 0.01171875
2 0.22578125 0.3546875 0.0609375 0.00859375
2 0.2890625 0.36171875 0.06171875 0.0125
0 0.05 0.49375 0.009375 0.0234375
0 0.04921875 0.51328125 0.00703125 0.01328125
1 0.24453125 0.63828125 0.01796875 0.009375
2 0.1671875 0.8125 0.03984375 0.065625
2 0.2125 0.884375 0.0484375 0.071875
2 0.48828125 0.54921875 0.0453125 0.05546875
2 0.4359375 0.609375 0.05625 0.0609375
2 0.20234375 0.29921875 0.02265625 0.0953125
2 0.23046875 0.39140625 0.0328125 0.06015625
2 0.2671875 0.44296875 0.0359375 0.02734375
2 0.3078125 0.4671875 0.04453125 0.01640625
2 0.3625 0.48125 0.05703125 0.009375
2 0.4171875 0.48828125 0.03984375 0.00703125
2 0.465625 0.49140625 0.05390625 0.00703125
1 0.39375 0.48515625 0.0046875 0.00390625
1 0.50078125 0.49296875 0.01328125 0.00546875
1 0.6328125 0.4921875 0.0140625 0.00625
1 0.68359375 0.4953125 0.0125 0.00546875
1 0.7671875 0.4984375 0.01328125 0.00703125
1 0.8671875 0.5046875 0.0140625 0.00625
1 0.74609375 0.49765625 0.00546875 0.0046875
1 0.60703125 0.125 0.00703125 0.00703125
0 0.946875 0.4625 0.0078125 0.053125
0 0.94609375 0.5421875 0.00703125 0.00859375
0 0.6234375 0.96171875 0.025 0.0109375
0 0.64765625 0.96171875 0.02109375 0.0109375
0 0.040625 0.09453125 0.0046875 0.01484375
0 0.04296875 0.115625 0.00703125 0.02421875
2 0.5609375 0.49296875 0.1015625 0.00625
2 0.71953125 0.496875 0.0453125 0.00703125
2 0.7921875 0.49921875 0.03125 0.00390625
2 0.7265625 0.7125 0.01875 0.0515625
2 0.70625 0.7625 0.0203125 0.046875
1 0.6046875 0.72734375 0.00546875 0.00546875
0 0.94453125 0.034375 0.01328125 0.00859375