0 0.55625 0.0515625 0.0546875 0.01328125
0 0.9703125 0.65625 0.0109375 0.02578125
0 0.96796875 0.771875 0.00546875 0.00546875
0 0.50078125 0.9671875 0.0375 0.01171875
0 0.58828125 0.96953125 0.009375 0.0046875
0 0.053125 0.86953125 0.01015625 0.00703125
0 0.0484375 0.04453125 0.0125 0.003125
0 0.0515625 0.88828125 0.00546875 0.0171875
0 0.96484375 0.83046875 0.0078125 0.04765625
0 0.0484375 0.71015625 0.01328125 0.0046875
2 0.128125 0.7234375 0.04140625 0.00546875
1 0.06953125 0.71328125 0.00703125 0.00546875
1 0.0921875 0.71796875 0.00546875 0.00234375
1 0.10078125 0.71875 0.0046875 0.00234375