1 0.3859375 0.27890625 0.0109375 0.01015625
1 0.29140625 0.63125 0.00625 0.0078125
1 0.1890625 0.78984375 0.00859375 0.0078125
1 0.56484375 0.528125 0.00859375 0.00859375
1 0.83125 0.8453125 0.00859375 0.00625
1 0.69140625 0.62734375 0.009375 0.00859375
0 0.34375 0.9515625 0.0328125 0.0171875
0 0.046875 0.8109375 0.0078125 0.02421875
0 0.9453125 0.80546875 0.0265625 0.0390625
0 0.89609375 0.96015625 0.0140625 0.00703125
0 0.8109375 0.96015625 0.0234375 0.00546875
0 0.9609375 0.3953125 0.0171875 0.0484375
1 0.70859375 0.3109375 0.00859375 0.0078125
1 0.871875 0.14140625 0.01328125 0.01171875
0 0.9671875 0.04296875 0.00859375 0.009375
1 0.5046875 0.759375 0.00546875 0.00546875
0 0.9703125 0.05546875 0.00390625 0.0078125