1 0.4328125 0.52421875 0.0109375 0.00859375
1 0.42578125 0.13984375 0.00859375 0.0078125
2 0.93515625 0.628125 0.08203125 0.01640625
1 0.88984375 0.640625 0.00703125 0.00703125
2 0.840625 0.66015625 0.05703125 0.0171875
2 0.77109375 0.66875 0.06015625 0.0140625
2 0.425 0.71328125 0.04921875 0.01484375
2 0.62265625 0.69296875 0.04296875 0.0078125
2 0.9484375 0.4296875 0.05546875 0.00703125
2 0.91015625 0.4171875 0.021875 0.01640625
2 0.8859375 0.3921875 0.02421875 0.03359375
2 0.859375 0.3328125 0.02109375 0.05078125
2 0.84765625 0.29296875 0.009375 0.02109375
2 0.83828125 0.23125 0.01015625 0.0703125
1 0.70859375 0.6765625 0.00546875 0.00546875
0 0.96171875 0.96796875 0.0125 0.00703125
0 0.95078125 0.9703125 0.00859375 0.0046875
0 0.053125 0.85546875 0.00703125 0.0203125
0 0.0484375 0.77109375 0.00390625 0.009375
1 0.19921875 0.75 0.0046875 0.0046875
0 0.04765625 0.74453125 0.003125 0.0046875
1 0.8734375 0.65234375 0.0046875 0.00546875
1 0.03984375 0.053125 0.003125 0.00390625
1 0.05234375 0.04453125 0.003125 0.0046875
0 0.034375 0.24921875 0.003125 0.0078125