0 0.0421875 0.14609375 0.0078125 0.02109375
0 0.04140625 0.16796875 0.00625 0.0203125
1 0.2796875 0.28046875 0.0078125 0.0078125
1 0.3671875 0.51171875 0.00703125 0.009375
1 0.5203125 0.52265625 0.0171875 0.021875
1 0.61875 0.61015625 0.01015625 0.0078125
1 0.803125 0.5875 0.0109375 0.01640625
1 0.85078125 0.83203125 0.00546875 0.0046875
0 0.9640625 0.77421875 0.00546875 0.01328125
0 0.96171875 0.78828125 0.00625 0.01328125
0 0.9625 0.80078125 0.00390625 0.0109375
0 0.65625 0.96171875 0.02578125 0.01875
1 0.32109375 0.9125 0.0171875 0.01875
0 0.059375 0.89296875 0.01015625 0.03984375
0 0.06484375 0.95859375 0.009375 0.0203125
0 0.04453125 0.034375 0.009375 0.009375
1 0.45859375 0.13828125 0.01640625 0.02109375
1 0.5390625 0.31875 0.009375 0.009375
1 0.8453125 0.38828125 0.00703125 0.009375
1 0.44296875 0.7359375 0.00546875 0.0046875
1 0.203125 0.7171875 0.00859375 0.00546875
1 0.6921875 0.240625 0.0078125 0.00703125
0 0.9734375 0.23046875 0.00625 0.02578125
0 0.975 0.25234375 0.00390625 0.01875
0 0.040625 0.33671875 0.0046875 0.00234375
2 0.09609375 0.33984375 0.06328125 0.0140625