0 0.028125 0.05078125 0.01171875 0.01640625
0 0.02578125 0.03359375 0.00703125 0.0171875
0 0.03359375 0.40625 0.0125 0.0390625
0 0.059375 0.959375 0.0203125 0.01171875
0 0.95390625 0.959375 0.015625 0.01015625
0 0.96328125 0.8328125 0.003125 0.00625
0 0.96796875 0.025 0.0046875 0.01015625
0 0.9140625 0.02109375 0.03125 0.00625
0 0.5171875 0.01640625 0.01640625 0.00625
0 0.53046875 0.015625 0.00859375 0.0046875
1 0.14921875 0.15078125 0.003125 0.00390625
1 0.21328125 0.5375 0.0046875 0.0046875
1 0.51875 0.5328125 0.00859375 0.00859375
1 0.38359375 0.80546875 0.00546875 0.0046875
1 0.628125 0.79375 0.0046875 0.0046875
1 0.73515625 0.7359375 0.00625 0.00859375
1 0.7609375 0.45234375 0.00546875 0.0046875
1 0.7875 0.175 0.00390625 0.003125
1 0.5671875 0.19453125 0.0203125 0.01640625
1 0.43125 0.29140625 0.00703125 0.0078125