1 0.52578125 0.30234375 0.0109375 0.009375
1 0.778125 0.49765625 0.009375 0.01015625
1 0.35625 0.54765625 0.01015625 0.0078125
1 0.640625 0.74609375 0.01015625 0.00703125
1 0.85078125 0.83359375 0.009375 0.00859375
1 0.41875 0.68203125 0.0109375 0.01015625
1 0.1921875 0.17578125 0.009375 0.00859375
0 0.01953125 0.02734375 0.00546875 0.00859375
2 0.0296875 0.803125 0.01875 0.15
2 0.1046875 0.9640625 0.0046875 0.0140625
2 0.05703125 0.9609375 0.00390625 0.0171875
2 0.24453125 0.9703125 0.0046875 0.01328125
2 0.31796875 0.96640625 0.0046875 0.02265625
2 0.34296875 0.971875 0.00546875 0.01484375
1 0.3109375 0.29140625 0.00546875 0.00625
1 0.8578125 0.17734375 0.00625 0.0046875
0 0.984375 0.078125 0.00703125 0.01328125
0 0.009375 0.57890625 0.00546875 0.00703125