2 0.740625 0.26171875 0.04375 0.14921875
2 0.2734375 0.85546875 0.1171875 0.065625
2 0.81484375 0.6484375 0.1 0.0296875
0 0.9578125 0.53125 0.009375 0.0296875
1 0.44140625 0.35546875 0.01015625 0.02109375
2 0.409375 0.1109375 0.01015625 0.1328125
2 0.42578125 0.2625 0.03359375 0.1546875
2 0.4734375 0.471875 0.04921875 0.2109375
2 0.5421875 0.68671875 0.08828125 0.21171875
2 0.69296875 0.80078125 0.21328125 0.01484375
0 0.3484375 0.95625 0.028125 0.00625
1 0.2796875 0.4984375 0.0078125 0.00703125
0 0.04296875 0.13671875 0.00859375 0.02734375
1 0.41484375 0.8734375 0.00625 0.00703125
1 0.22109375 0.746875 0.0078125 0.00703125
1 0.73046875 0.684375 0.00625 0.00625