2 0.813042025 0.11340342968749999 0.6752207671875 0.0879023328125 0.6761103859375 0.0976354625 0.8101452 0.12182202499999999 0.813042025 0.11340342968749999
2 0.5519157765625 0.3956739734375 0.5408112828125 0.3907218578125 0.4577988890625 0.54310475 0.469748634375 0.5511350921875 0.5519157765625 0.3956739734375
2 0.27106230937500003 0.9610316890625 0.2804741953125 0.9617557218749999 0.248792175 0.877464590625 0.24306195000000003 0.886215059375 0.27106230937500003 0.9610316890625
2 0.11796875 0.203125 0.00625 0.08515625
1 0.59140625 0.23203125 0.0078125 0.009375
1 0.84140625 0.290625 0.0171875 0.01796875
1 0.528125 0.5484375 0.0234375 0.025
1 0.775 0.5515625 0.009375 0.009375
1 0.52109375 0.834375 0.00859375 0.0125
2 0.6875 0.90078125 0.115625 0.00859375
1 0.34921875 0.66796875 0.00703125 0.00859375
1 0.14765625 0.81953125 0.01328125 0.01640625
1 0.16328125 0.4484375 0.0125 0.009375
0 0.0421875 0.3296875 0.00703125 0.03203125
0 0.4 0.9609375 0.0328125 0.0078125
0 0.3171875 0.03203125 0.01015625 0.0109375
0 0.8546875 0.03828125 0.0328125 0.01015625
0 0.2890625 0.03046875 0.04453125 0.00703125
0 0.334375 0.03046875 0.00625 0.00625