0 0.9796875 0.37734375 0.009375 0.03984375
0 0.8953125 0.02421875 0.0171875 0.00625
0 0.47734375 0.021875 0.03828125 0.00703125
0 0.03671875 0.36484375 0.0078125 0.02421875
0 0.54921875 0.9671875 0.0484375 0.01015625
0 0.921875 0.96015625 0.05703125 0.00546875
0 0.96875 0.925 0.00546875 0.01953125
1 0.60390625 0.871875 0.00703125 0.0078125
1 0.33125 0.79609375 0.01015625 0.01171875
1 0.471875 0.56328125 0.00546875 0.00703125
1 0.55234375 0.2390625 0.00703125 0.00859375
1 0.68984375 0.46875 0.00546875 0.00703125
1 0.1953125 0.140625 0.00859375 0.0078125
0 0.51640625 0.96953125 0.0078125 0.00625
1 0.35703125 0.30390625 0.00546875 0.00546875
1 0.19375 0.47890625 0.00546875 0.00703125
1 0.759375 0.65859375 0.00625 0.00703125