0 0.0546875 0.59140625 0.0109375 0.03046875
0 0.96796875 0.04375 0.0265625 0.025
0 0.97734375 0.1234375 0.0109375 0.02890625
0 0.98125 0.16796875 0.009375 0.03203125
2 0.26171875 0.9109375 0.1046875 0.071875
2 0.36171875 0.82421875 0.0875 0.09921875
2 0.44609375 0.7015625 0.07734375 0.13671875
2 0.50546875 0.56015625 0.03828125 0.1359375
2 0.53515625 0.38984375 0.0234375 0.19296875
1 0.44453125 0.528125 0.0046875 0.0046875
1 0.33203125 0.5875 0.0046875 0.0046875
1 0.51484375 0.65859375 0.0046875 0.00390625
1 0.37265625 0.4859375 0.0046875 0.0046875
1 0.48125 0.49296875 0.00390625 0.00546875
1 0.3953125 0.5890625 0.00390625 0.00390625
1 0.63203125 0.5640625 0.00390625 0.00390625