0 0.040625 0.253125 0.00703125 0.03046875
0 0.0421875 0.22890625 0.0109375 0.0140625
1 0.16015625 0.5359375 0.00859375 0.00703125
1 0.15859375 0.7578125 0.01796875 0.015625
2 0.39140625 0.896875 0.01875 0.03984375
2 0.4078125 0.9328125 0.0125 0.03046875
2 0.42109375 0.96171875 0.0125 0.0265625
2 0.3375 0.0375 0.00390625 0.02109375
2 0.340625 0.0859375 0.00703125 0.04453125
2 0.3515625 0.12421875 0.01640625 0.03046875
2 0.37109375 0.15390625 0.02109375 0.02421875
2 0.39296875 0.18828125 0.01953125 0.04140625
2 0.4296875 0.2625 0.01953125 0.0359375
2 0.44765625 0.30078125 0.0140625 0.0375
2 0.4640625 0.3390625 0.015625 0.03828125
2 0.48359375 0.3921875 0.02109375 0.06328125
2 0.50234375 0.45078125 0.01796875 0.0515625
2 0.51484375 0.49453125 0.00859375 0.03203125
2 0.5234375 0.53671875 0.00546875 0.021875
2 0.52890625 0.56953125 0.00546875 0.034375
2 0.5328125 0.60078125 0.00546875 0.0265625
2 0.53046875 0.621875 0.003125 0.0140625
2 0.5328125 0.6390625 0.00625 0.0203125
2 0.534375 0.6625 0.00390625 0.0265625
2 0.53515625 0.6859375 0.00546875 0.01875
2 0.54140625 0.70390625 0.00703125 0.0171875
2 0.546875 0.72734375 0.0046875 0.028125
1 0.546875 0.7453125 0.00390625 0.0078125
2 0.5484375 0.76796875 0.0046875 0.0375
2 0.54921875 0.80078125 0.0046875 0.02578125
2 0.55 0.828125 0.00625 0.0265625
2 0.553125 0.85390625 0.003125 0.025
2 0.55390625 0.8890625 0.0046875 0.03125
2 0.5546875 0.9234375 0.00390625 0.0359375
2 0.553125 0.9609375 0.00390625 0.034375
1 0.553125 0.86953125 0.00390625 0.00546875
1 0.42578125 0.72265625 0.00625 0.00546875
2 0.4390625 0.521875 0.0265625 0.03828125
2 0.46796875 0.5640625 0.02890625 0.04453125
1 0.73828125 0.40546875 0.00546875 0.00625
1 0.5625 0.1609375 0.0140625 0.01171875
2 0.56328125 0.23515625 0.05078125 0.01171875
2 0.61484375 0.2265625 0.0484375 0.00859375
1 0.75703125 0.14609375 0.00625 0.00703125
2 0.9140625 0.12578125 0.021875 0.0421875
2 0.890625 0.1734375 0.025 0.05
2 0.865625 0.22890625 0.0234375 0.05703125
0 0.9765625 0.203125 0.009375 0.01953125
0 0.978125 0.21875 0.00546875 0.009375
0 0.97734375 0.22890625 0.0078125 0.0078125
1 0.90859375 0.68828125 0.0171875 0.01328125
2 0.91328125 0.953125 0.04609375 0.02578125
0 0.96328125 0.88671875 0.00625 0.01171875
0 0.9625 0.903125 0.00625 0.0171875
2 0.85625 0.9109375 0.02109375 0.0234375
1 0.2484375 0.23984375 0.00703125 0.00703125
0 0.29453125 0.0296875 0.0171875 0.0078125
0 0.31171875 0.02890625 0.015625 0.00546875
0 0.6359375 0.02734375 0.0140625 0.00546875
0 0.23671875 0.965625 0.03125 0.0078125