1 0.39375 0.21875 0.01328125 0.021875
1 0.6421875 0.225 0.00546875 0.00625
2 0.55703125 0.19375 0.02109375 0.1953125
1 0.6515625 0.4546875 0.009375 0.0078125
1 0.2578125 0.73984375 0.0140625 0.01171875
2 0.271875 0.68671875 0.12421875 0.06015625
1 0.225 0.47109375 0.00703125 0.00703125
1 0.21796875 0.2328125 0.00859375 0.00625
2 0.65546875 0.76328125 0.1109375 0.04453125
0 0.73671875 0.0390625 0.0203125 0.00859375
0 0.9609375 0.084375 0.0078125 0.0375
1 0.86015625 0.3359375 0.0171875 0.0140625
1 0.84765625 0.53828125 0.01328125 0.0171875
0 0.95 0.4703125 0.02421875 0.05546875
0 0.80859375 0.96171875 0.01953125 0.00625
0 0.04296875 0.3546875 0.00625 0.0171875
0 0.046875 0.11796875 0.009375 0.0328125