1 0.24609375 0.20546875 0.00703125 0.00859375
0 0.04453125 0.04375 0.009375 0.0109375
0 0.29453125 0.040625 0.03359375 0.01015625
0 0.2265625 0.9703125 0.04765625 0.00625
1 0.32421875 0.671875 0.00625 0.00546875
1 0.1484375 0.315625 0.0046875 0.0046875
1 0.33828125 0.0578125 0.00390625 0.00390625
1 0.6140625 0.16171875 0.00546875 0.00546875
1 0.621875 0.36484375 0.00546875 0.00625
1 0.775 0.81640625 0.00546875 0.00625
1 0.8171875 0.56015625 0.00625 0.00546875
1 0.88125 0.19921875 0.00703125 0.00546875
0 0.859375 0.04609375 0.01484375 0.009375
0 0.79609375 0.0421875 0.009375 0.00390625
0 0.97421875 0.1796875 0.0125 0.04609375