1 0.2296875 0.1640625 0.00703125 0.00703125
1 0.65390625 0.14609375 0.0078125 0.0078125
1 0.58984375 0.515625 0.0078125 0.01015625
1 0.19140625 0.534375 0.00703125 0.00625
1 0.34453125 0.73359375 0.00703125 0.009375
1 0.61171875 0.84140625 0.00859375 0.009375
1 0.80078125 0.653125 0.009375 0.009375
0 0.65234375 0.96953125 0.02890625 0.01328125
0 0.5625 0.971875 0.03046875 0.0078125
0 0.43359375 0.0359375 0.028125 0.01484375
0 0.04375 0.46015625 0.0078125 0.01484375
0 0.04375 0.43671875 0.0078125 0.01640625
0 0.04140625 0.30625 0.00625 0.03515625
0 0.040625 0.1171875 0.00546875 0.015625
0 0.9359375 0.0390625 0.01171875 0.0109375
0 0.98125 0.3265625 0.00859375 0.0125
0 0.97109375 0.79765625 0.009375 0.0296875
1 0.89296875 0.90625 0.00703125 0.00625
0 0.05078125 0.65 0.0109375 0.028125
0 0.08984375 0.96875 0.0609375 0.0078125