0 0.04765625 0.078125 0.02421875 0.02890625
0 0.40234375 0.06875 0.03671875 0.00859375
0 0.49765625 0.06875 0.02734375 0.00390625
0 0.68125 0.07421875 0.01484375 0.0046875
0 0.703125 0.078125 0.0203125 0.00859375
1 0.7515625 0.19765625 0.01171875 0.01640625
0 0.96171875 0.09140625 0.009375 0.01328125
0 0.96875 0.375 0.00546875 0.00859375
1 0.8703125 0.50625 0.01484375 0.01484375
0 0.96640625 0.64375 0.0078125 0.03515625
0 0.9609375 0.9390625 0.00859375 0.00390625
0 0.8984375 0.940625 0.00703125 0.00390625
0 0.790625 0.94375 0.01640625 0.00546875
0 0.46015625 0.94609375 0.01015625 0.0078125
0 0.4703125 0.9453125 0.00703125 0.009375
0 0.48203125 0.946875 0.01640625 0.00625
0 0.2453125 0.9453125 0.01484375 0.009375
0 0.228125 0.9484375 0.01796875 0.00390625
0 0.02265625 0.925 0.003125 0.009375
0 0.021875 0.87578125 0.00390625 0.02421875
0 0.02421875 0.5625 0.0078125 0.04296875
0 0.021875 0.58984375 0.003125 0.009375
0 0.0234375 0.4625 0.00390625 0.0234375
0 0.02890625 0.29765625 0.00390625 0.03359375
2 0.05625 0.1140625 0.02890625 0.03984375
0 0.11328125 0.0640625 0.0109375 0.00234375
2 0.1265625 0.06953125 0.01171875 0.00234375
2 0.196875 0.0734375 0.0359375 0.00546875
2 0.2625 0.0703125 0.01640625 0.003125
1 0.31875 0.32890625 0.0203125 0.01640625
1 0.6625 0.46328125 0.01171875 0.01015625
1 0.51484375 0.31328125 0.00625 0.00625
1 0.48359375 0.5171875 0.00703125 0.00625
1 0.3515625 0.66953125 0.0171875 0.009375
1 0.71875 0.74609375 0.015625 0.0125
1 0.128125 0.7046875 0.01328125 0.0125
1 0.178125 0.4703125 0.00859375 0.00625
1 0.353125 0.86875 0.00625 0.00625