1 0.46171875 0.39453125 0.02265625 0.02421875
1 0.71640625 0.28671875 0.02109375 0.0140625
1 0.83828125 0.50703125 0.01953125 0.01875
1 0.78515625 0.684375 0.0125 0.00859375
1 0.55703125 0.72890625 0.0125 0.01328125
1 0.221875 0.7671875 0.0140625 0.01328125
0 0.053125 0.8359375 0.0140625 0.03984375
2 0.09453125 0.58203125 0.1046875 0.03984375
2 0.171875 0.50703125 0.05 0.1078125
2 0.2109375 0.3640625 0.028125 0.16875
0 0.96953125 0.13125 0.01015625 0.0296875
0 0.96171875 0.7875 0.003125 0.00703125
1 0.934375 0.73515625 0.00859375 0.0046875