2 0.1688235328125 0.5346977171875 0.1577573015625 0.5308122296875 0.1578615046875 0.6763705718749999 0.167605503125 0.6763705718749999 0.1688235328125 0.5346977171875
2 0.6115513140625 0.545315071875 0.48591079062500003 0.5429243171875 0.48196339843749997 0.5565975828124999 0.6087156921875 0.560828525 0.6115513140625 0.545315071875
2 0.7556538875000001 0.7292192875 0.7432562171875 0.7261196390625 0.70632485625 0.8236678578125 0.7191138578125 0.82851139375 0.7556538875000001 0.7292192875
2 0.1515529015625 0.8983687937499999 0.152928225 0.9115020921875001 0.2588282 0.9035673859375001 0.25745287499999997 0.8901604796875 0.1515529015625 0.8983687937499999
1 0.34296875 0.7203125 0.0203125 0.01484375
1 0.28125 0.48984375 0.01796875 0.01484375
1 0.7203125 0.678125 0.0125 0.0125
1 0.82109375 0.2515625 0.01875 0.01875
1 0.4359375 0.26640625 0.01640625 0.0171875
1 0.159375 0.16328125 0.02109375 0.0203125
1 0.50859375 0.43671875 0.00859375 0.009375
1 0.90546875 0.13828125 0.00859375 0.01015625
1 0.521875 0.82265625 0.0109375 0.0125
1 0.16796875 0.778125 0.01015625 0.00703125
2 0.8188634140625 0.3091423578125 0.6911049375 0.28827457968750003 0.6897076875 0.3012001015625 0.81772015625 0.31975470625 0.8188634140625 0.3091423578125
0 0.0484375 0.09140625 0.01171875 0.01484375
0 0.32890625 0.05 0.01484375 0.01015625
0 0.796875 0.05859375 0.03046875 0.01015625
0 0.96171875 0.37890625 0.0140625 0.0328125
0 0.96171875 0.46796875 0.01015625 0.03125
0 0.94296875 0.94140625 0.01328125 0.034375
0 0.634375 0.959375 0.02734375 0.01328125
0 0.4375 0.9609375 0.03828125 0.0109375
0 0.30625 0.9609375 0.03046875 0.00703125
0 0.159375 0.95625 0.01875 0.00859375
0 0.05 0.89296875 0.00703125 0.03125
0 0.046875 0.5828125 0.0140625 0.0296875
1 0.6484375 0.22890625 0.0109375 0.0109375
1 0.8328125 0.41875 0.009375 0.0078125