0 0.8375 0.0578125 0.0171875 0.0109375
0 0.6125 0.0515625 0.009375 0.00625
2 0.4703125 0.096875 0.0140625 0.09453125
2 0.48359375 0.18984375 0.015625 0.08984375
2 0.4984375 0.27734375 0.01875 0.08359375
2 0.5203125 0.3921875 0.01875 0.06953125
2 0.54609375 0.45703125 0.03359375 0.05625
2 0.5765625 0.571875 0.01640625 0.11484375
2 0.5828125 0.6890625 0.01015625 0.103125
2 0.5859375 0.796875 0.015625 0.11015625
2 0.5796875 0.91328125 0.00859375 0.08984375
1 0.58125 0.86015625 0.00625 0.0140625
1 0.5671875 0.5078125 0.00625 0.009375
2 0.20078125 0.509375 0.09140625 0.03515625
2 0.2859375 0.53984375 0.07578125 0.0265625
1 0.25859375 0.40390625 0.00546875 0.00546875
1 0.753125 0.38984375 0.01015625 0.01015625
0 0.9390625 0.37109375 0.0140625 0.034375
0 0.48828125 0.95390625 0.04375 0.0125
0 0.0796875 0.9578125 0.028125 0.00625