0 0.6515625 0.01328125 0.03984375 0.009375
0 0.76953125 0.01015625 0.0109375 0.0046875
0 0.346875 0.01171875 0.00859375 0.00703125
0 0.9875 0.2015625 0.00546875 0.01875
0 0.98828125 0.084375 0.00546875 0.009375
0 0.9875 0.0171875 0.00546875 0.01171875
0 0.9828125 0.5328125 0.0125 0.0375
0 0.978125 0.7625 0.01015625 0.0140625
0 0.89921875 0.98359375 0.03203125 0.00625
0 0.56640625 0.9859375 0.04609375 0.0078125
0 0.28125 0.9859375 0.02890625 0.00625
0 0.04921875 0.971875 0.034375 0.02109375
0 0.0890625 0.9828125 0.040625 0.003125
0 0.02265625 0.61875 0.01015625 0.034375
0 0.01796875 0.3046875 0.01015625 0.0203125
0 0.021875 0.021875 0.01484375 0.009375
1 0.15078125 0.25 0.01796875 0.0109375
1 0.31015625 0.6984375 0.0171875 0.0203125
1 0.71796875 0.88203125 0.01328125 0.0140625
1 0.68046875 0.659375 0.01171875 0.01796875
1 0.4515625 0.34140625 0.01171875 0.01171875
1 0.76328125 0.27734375 0.00625 0.01171875
1 0.496875 0.11875 0.015625 0.01640625
0 0.4828125 0.01015625 0.03984375 0.00546875
0 0.01484375 0.3265625 0.0046875 0.01484375
2 0.08984375 0.95546875 0.0421875 0.01796875