0 0.48203125 0.034375 0.0390625 0.00703125
1 0.55546875 0.24765625 0.0078125 0.01015625
1 0.3734375 0.13984375 0.01484375 0.025
1 0.19609375 0.14453125 0.01015625 0.00703125
1 0.3578125 0.30859375 0.00390625 0.0046875
1 0.690625 0.471875 0.0046875 0.00546875
1 0.32109375 0.48984375 0.0125 0.01015625
1 0.19140625 0.47734375 0.00625 0.00546875
1 0.471875 0.56328125 0.00390625 0.00546875
1 0.7578125 0.65703125 0.0046875 0.00546875
1 0.3265625 0.790625 0.009375 0.01015625
1 0.60078125 0.86484375 0.00625 0.00546875
0 0.96171875 0.91640625 0.00546875 0.01875
0 0.9296875 0.94921875 0.0203125 0.0046875
0 0.88046875 0.95234375 0.01015625 0.003125
0 0.903125 0.95 0.03125 0.00390625
0 0.51171875 0.95859375 0.0078125 0.00546875
0 0.52890625 0.95625 0.01875 0.009375
0 0.54765625 0.95625 0.0171875 0.00703125
0 0.56328125 0.95859375 0.01328125 0.00390625
1 0.16484375 0.66328125 0.01796875 0.01328125
0 0.03203125 0.3640625 0.00859375 0.0265625
1 0.809375 0.2140625 0.0234375 0.01796875
0 0.89765625 0.0453125 0.02578125 0.00625
0 0.97890625 0.37890625 0.009375 0.02265625
0 0.9796875 0.3984375 0.00546875 0.015625
2 0.8875 0.21875 0.08046875 0.03046875
2 0.79453125 0.2671875 0.03671875 0.028125
2 0.70859375 0.32421875 0.0484375 0.02890625
2 0.646875 0.35078125 0.0375 0.01171875
2 0.5625 0.36328125 0.0375 0.00546875