0 0.946875 0.65859375 0.01484375 0.03046875
1 0.81640625 0.665625 0.01171875 0.0171875
1 0.78984375 0.81484375 0.00625 0.00703125
0 0.80703125 0.953125 0.01015625 0.00625
2 0.63125 0.8359375 0.13984375 0.00859375
1 0.634375 0.71640625 0.00546875 0.00625
1 0.53046875 0.44609375 0.0078125 0.00703125
1 0.87578125 0.375 0.01171875 0.0125
1 0.62578125 0.315625 0.00703125 0.00625
1 0.83984375 0.1671875 0.00546875 0.00625
0 0.79921875 0.05078125 0.03828125 0.02265625
0 0.953125 0.096875 0.0046875 0.0140625
0 0.39453125 0.0453125 0.0453125 0.0171875
1 0.14765625 0.14453125 0.0109375 0.0125
0 0.04921875 0.0484375 0.00703125 0.00859375
1 0.14453125 0.5 0.0171875 0.01484375
1 0.29296875 0.628125 0.0078125 0.00703125
0 0.06328125 0.7125 0.01015625 0.04921875
0 0.05859375 0.66484375 0.00625 0.00859375
1 0.315625 0.30546875 0.009375 0.00703125
1 0.4265625 0.8546875 0.015625 0.01328125