0 0.06640625 0.06015625 0.03671875 0.01171875
1 0.2125 0.203125 0.009375 0.01015625
1 0.48828125 0.1609375 0.0171875 0.01953125
1 0.7171875 0.240625 0.02421875 0.02421875
1 0.528125 0.31953125 0.01171875 0.009375
1 0.38125 0.28671875 0.0109375 0.0109375
1 0.26015625 0.40625 0.01015625 0.01015625
2 0.3875 0.42578125 0.0578125 0.02734375
2 0.3234375 0.45859375 0.065625 0.03828125
1 0.37578125 0.55859375 0.00625 0.00859375
1 0.2671875 0.71640625 0.01953125 0.02265625
2 0.740625 0.66015625 0.07578125 0.015625
2 0.8125 0.6453125 0.065625 0.0125
1 0.6421875 0.7390625 0.00703125 0.00625
1 0.83359375 0.81484375 0.0078125 0.00703125
0 0.428125 0.96875 0.01796875 0.0125
2 0.36015625 0.82890625 0.12265625 0.04296875
0 0.05703125 0.859375 0.009375 0.02734375
2 0.07421875 0.8546875 0.015625 0.07421875
2 0.140625 0.3484375 0.01953125 0.13046875
0 0.04375 0.36875 0.0109375 0.053125
2 0.88046875 0.24609375 0.0109375 0.05390625
1 0.76171875 0.50078125 0.00859375 0.0109375
0 0.703125 0.04921875 0.0421875 0.009375