1 0.121875 0.40859375 0.00546875 0.0078125
1 0.26875 0.2375 0.0078125 0.009375
1 0.36484375 0.04765625 0.00390625 0.0046875
1 0.371875 0.45625 0.00703125 0.00625
1 0.76953125 0.61484375 0.01015625 0.00859375
2 0.328125 0.7234375 0.00546875 0.046875
2 0.60390625 0.94609375 0.01015625 0.0453125
2 0.45546875 0.55703125 0.0109375 0.01875
2 0.5625 0.39375 0.028125 0.02890625
2 0.7125 0.2921875 0.03671875 0.02265625
2 0.41796875 0.62890625 0.01015625 0.01953125
2 0.3640625 0.7609375 0.0125 0.02265625
2 0.6546875 0.83984375 0.028125 0.01796875
2 0.66875 0.31328125 0.04609375 0.0234375
2 0.59375 0.36328125 0.0328125 0.03203125
2 0.490625 0.49296875 0.0140625 0.025
2 0.42734375 0.60703125 0.01171875 0.021875
2 0.6109375 0.89921875 0.01015625 0.03671875
2 0.628125 0.8640625 0.0234375 0.0296875
2 0.696875 0.8265625 0.0515625 0.009375
2 0.62890625 0.33671875 0.0328125 0.02265625
2 0.5390625 0.41875 0.01640625 0.01875
2 0.521875 0.43828125 0.015625 0.02421875
2 0.50859375 0.4640625 0.0140625 0.025
2 0.47578125 0.51640625 0.0125 0.0203125
1 0.46328125 0.54296875 0.0046875 0.00703125
2 0.440625 0.5828125 0.01171875 0.02578125
2 0.4078125 0.65078125 0.009375 0.02265625
2 0.396875 0.6828125 0.01484375 0.03515625
2 0.3859375 0.709375 0.00703125 0.01484375
2 0.378125 0.7296875 0.00859375 0.009375
2 0.35390625 0.784375 0.0125 0.01953125
1 0.33984375 0.8109375 0.0078125 0.0078125
2 0.3328125 0.82265625 0.01015625 0.01484375
2 0.3109375 0.86015625 0.015625 0.0296875
1 0.29453125 0.8875 0.00390625 0.00703125
0 0.28515625 0.9625 0.0078125 0.00546875
0 0.3359375 0.040625 0.0125 0.00859375
0 0.1125 0.040625 0.028125 0.00546875
0 0.08671875 0.040625 0.01484375 0.00546875
0 0.134375 0.03984375 0.009375 0.0046875
1 0.20703125 0.6828125 0.00625 0.00546875
1 0.7625 0.73671875 0.003125 0.003125