0 0.05234375 0.05234375 0.0484375 0.00859375
0 0.02890625 0.134375 0.00859375 0.021875
1 0.18046875 0.20546875 0.01484375 0.01640625
0 0.303125 0.0484375 0.04921875 0.01015625
1 0.3234375 0.2859375 0.0109375 0.0109375
1 0.47734375 0.22734375 0.01796875 0.0296875
2 0.40546875 0.4125 0.01640625 0.184375
1 0.49609375 0.51328125 0.00859375 0.01015625
1 0.76796875 0.5046875 0.0203125 0.02265625
2 0.8796875 0.34765625 0.0375 0.08671875
2 0.79765625 0.178125 0.11015625 0.02890625
2 0.915625 0.19765625 0.11953125 0.01328125
0 0.93671875 0.05703125 0.03671875 0.01015625
0 0.96484375 0.06015625 0.01484375 0.0125
0 0.9703125 0.12890625 0.01015625 0.025
0 0.7484375 0.95625 0.04609375 0.01171875
1 0.75234375 0.74609375 0.009375 0.009375
2 0.571875 0.75 0.07265625 0.04296875
1 0.44296875 0.665625 0.0140625 0.01796875
1 0.39296875 0.7734375 0.00859375 0.00703125
2 0.2234375 0.76875 0.10390625 0.03125
1 0.13828125 0.69296875 0.0078125 0.00625