0 0.03515625 0.08359375 0.01015625 0.03203125
0 0.3671875 0.03359375 0.01953125 0.009375
0 0.95546875 0.0421875 0.02265625 0.01875
0 0.9515625 0.65703125 0.03359375 0.04140625
0 0.28828125 0.97734375 0.05390625 0.0046875
1 0.1375 0.88203125 0.0046875 0.0046875
1 0.434375 0.80078125 0.00859375 0.00703125
0 0.0390625 0.71015625 0.003125 0.01171875
0 0.0375 0.49140625 0.0109375 0.02890625
1 0.19609375 0.3703125 0.0171875 0.025
1 0.35546875 0.3671875 0.00625 0.00546875
1 0.3046875 0.16484375 0.00859375 0.00703125
1 0.571875 0.11640625 0.01171875 0.015625
1 0.75 0.2671875 0.00703125 0.009375
1 0.8015625 0.5140625 0.0171875 0.02578125
1 0.53984375 0.4390625 0.021875 0.0171875
1 0.603125 0.60859375 0.0046875 0.00625
1 0.26171875 0.5828125 0.00859375 0.00625
1 0.76171875 0.740625 0.00546875 0.0046875
2 0.79609375 0.4 0.05390625 0.1265625
2 0.76015625 0.51640625 0.0203125 0.06640625
2 0.9453125 0.29609375 0.0484375 0.0078125
1 0.23359375 0.9765625 0.01015625 0.00390625
1 0.21015625 0.9765625 0.00703125 0.003125