0 0.3390625 0.01171875 0.0390625 0.00703125
0 0.3859375 0.01015625 0.0375 0.00546875
0 0.95859375 0.0125 0.0171875 0.0046875
0 0.01953125 0.434375 0.00859375 0.02734375
0 0.9421875 0.9703125 0.05625 0.01484375
0 0.97578125 0.584375 0.00859375 0.04921875
1 0.39921875 0.29921875 0.00625 0.00625
1 0.246875 0.73046875 0.00625 0.00625
1 0.75546875 0.64375 0.01328125 0.00859375
1 0.946875 0.6984375 0.015625 0.0046875
1 0.921875 0.7 0.003125 0.003125
2 0.8875 0.6953125 0.06328125 0.015625
2 0.83203125 0.67890625 0.0453125 0.0234375
2 0.78515625 0.65625 0.04609375 0.02265625
2 0.69140625 0.62109375 0.1125 0.0359375
2 0.5625 0.5921875 0.13515625 0.028125
2 0.42890625 0.565625 0.1265625 0.0296875
2 0.325 0.540625 0.078125 0.0265625