1 0.1015625 0.11640625 0.00859375 0.009375
1 0.278125 0.48125 0.00859375 0.00859375
2 0.03984375 0.825 0.03671875 0.009375
2 0.85234375 0.94296875 0.0109375 0.0421875
2 0.221875 0.36015625 0.07265625 0.0109375
2 0.43671875 0.35703125 0.078125 0.01015625
2 0.6671875 0.41015625 0.04765625 0.0265625
2 0.70546875 0.4328125 0.02734375 0.01875
2 0.73671875 0.4609375 0.03203125 0.0375
2 0.8203125 0.596875 0.0046875 0.0234375
2 0.84375 0.70625 0.0078125 0.02578125
2 0.28828125 0.35859375 0.059375 0.0078125
2 0.35546875 0.35859375 0.071875 0.0078125
2 0.53046875 0.3640625 0.08359375 0.01640625
2 0.809375 0.55078125 0.009375 0.0125
2 0.76171875 0.49375 0.0203125 0.0234375
2 0.8609375 0.9 0.0078125 0.03828125
2 0.86015625 0.86015625 0.00546875 0.01484375
2 0.85859375 0.83046875 0.0046875 0.03046875
1 0.859375 0.85 0.0046875 0.00546875
2 0.10390625 0.84765625 0.02578125 0.0125
1 0.3859375 0.74140625 0.00703125 0.00703125
1 0.6625 0.43203125 0.0046875 0.00390625