1 0.14140625 0.509375 0.01484375 0.01640625
1 0.353125 0.55234375 0.0125 0.01015625
0 0.03984375 0.3609375 0.0078125 0.0390625
1 0.28828125 0.24921875 0.009375 0.0078125
0 0.10234375 0.0328125 0.00859375 0.0046875
0 0.2140625 0.03046875 0.0171875 0.00546875
0 0.0375 0.0359375 0.009375 0.00390625
0 0.04375 0.6546875 0.00625 0.0078125
0 0.05859375 0.9609375 0.0078125 0.0109375
0 0.6234375 0.96484375 0.03515625 0.009375
2 0.95625 0.91015625 0.02109375 0.0453125
0 0.975 0.934375 0.01484375 0.0109375
0 0.96328125 0.95 0.0078125 0.02109375
2 0.9 0.9546875 0.02890625 0.00546875
2 0.81328125 0.95390625 0.053125 0.00703125
0 0.984375 0.7171875 0.0046875 0.02734375
1 0.8828125 0.28515625 0.0125 0.01171875
0 0.76328125 0.02734375 0.0140625 0.0078125
0 0.74375 0.02421875 0.00859375 0.0046875
0 0.81328125 0.025 0.00703125 0.00390625
1 0.27109375 0.83984375 0.009375 0.01796875
1 0.7 0.68828125 0.01953125 0.015625
1 0.66171875 0.325 0.01796875 0.00859375