1 0.64609375 0.21015625 0.00859375 0.0109375
1 0.49765625 0.428125 0.01015625 0.0109375
0 0.42421875 0.9765625 0.03984375 0.009375
0 0.2859375 0.97421875 0.02890625 0.00859375
0 0.09453125 0.96796875 0.015625 0.00703125
1 0.14140625 0.7828125 0.00703125 0.00859375
1 0.12421875 0.36015625 0.0078125 0.00625
0 0.01875 0.075 0.00859375 0.0140625
1 0.72265625 0.6828125 0.0078125 0.009375
1 0.84453125 0.40859375 0.0078125 0.0078125
1 0.921875 0.1109375 0.00859375 0.00859375
1 0.51328125 0.83359375 0.00859375 0.01015625