0 0.35703125 0.03515625 0.0375 0.0109375
0 0.38125 0.03515625 0.00859375 0.01015625
0 0.26484375 0.03359375 0.00859375 0.00390625
1 0.20859375 0.175 0.01484375 0.01796875
1 0.23984375 0.4109375 0.0078125 0.0078125
1 0.06015625 0.66015625 0.00546875 0.0078125
1 0.06328125 0.67265625 0.01015625 0.01171875
1 0.0625 0.69375 0.00703125 0.0265625
0 0.14140625 0.978125 0.0109375 0.003125
0 0.1578125 0.978125 0.0078125 0.003125
0 0.16875 0.97734375 0.009375 0.003125
0 0.18828125 0.97734375 0.009375 0.003125
0 0.678125 0.96484375 0.01171875 0.0078125
2 0.65625 0.96171875 0.0046875 0.00859375
2 0.65390625 0.95078125 0.00234375 0.00625
1 0.6515625 0.95859375 0.0046875 0.0046875
1 0.39921875 0.834375 0.01484375 0.01171875
1 0.515625 0.840625 0.00859375 0.0078125
1 0.27265625 0.8078125 0.00546875 0.00546875
1 0.2703125 0.62109375 0.0046875 0.00546875
2 0.7109375 0.075 0.0171875 0.0921875
2 0.68125 0.1578125 0.0359375 0.06484375
2 0.64140625 0.24140625 0.034375 0.08046875
2 0.60625 0.3375 0.0359375 0.0984375
2 0.5671875 0.4296875 0.04140625 0.0828125
2 0.53046875 0.51015625 0.03125 0.059375
2 0.45703125 0.62578125 0.0453125 0.0515625
2 0.371875 0.69609375 0.1125 0.07109375
1 0.9265625 0.0875 0.0078125 0.01015625
0 0.975 0.04140625 0.003125 0.0125
2 0.95078125 0.06875 0.00625 0.03203125
2 0.94609375 0.1125 0.01328125 0.0515625
0 0.97578125 0.321875 0.0078125 0.0265625
1 0.79453125 0.325 0.0046875 0.00390625
1 0.87890625 0.6 0.0078125 0.00859375
0 0.96875 0.75078125 0.0078125 0.04375
0 0.9640625 0.8515625 0.00546875 0.0234375
0 0.965625 0.83046875 0.0046875 0.0171875
0 0.965625 0.88125 0.003125 0.0234375
0 0.86875 0.9578125 0.0078125 0.00390625
0 0.8796875 0.9578125 0.00703125 0.003125
0 0.890625 0.95625 0.0140625 0.0046875
0 0.9140625 0.95546875 0.01171875 0.00546875
0 0.90234375 0.95625 0.0078125 0.00234375
1 0.73984375 0.77265625 0.00703125 0.0078125
1 0.6375 0.56015625 0.00546875 0.00546875
1 0.39453125 0.26953125 0.00859375 0.0078125
2 0.390625 0.05546875 0.00703125 0.05
2 0.38984375 0.10078125 0.00703125 0.03671875
2 0.38125 0.134375 0.0125 0.0265625
2 0.36484375 0.1578125 0.01875 0.01796875
2 0.34375 0.175 0.02109375 0.0109375
2 0.31875 0.184375 0.0234375 0.0078125
2 0.290625 0.190625 0.0265625 0.00859375
2 0.67578125 0.2859375 0.0046875 0.0484375
2 0.67734375 0.2265625 0.003125 0.01171875
2 0.67578125 0.24609375 0.003125 0.00625
2 0.8296875 0.46484375 0.0046875 0.02890625
2 0.82890625 0.5 0.003125 0.01171875
2 0.82421875 0.534375 0.00390625 0.0140625
1 0.6625 0.1953125 0.0078125 0.0078125
2 0.49453125 0.571875 0.02890625 0.0484375
1 0.51171875 0.54296875 0.0046875 0.00546875
1 0.54609375 0.47578125 0.003125 0.00625