1 0.346875 0.5875 0.0171875 0.01875
0 0.9484375 0.60390625 0.0125 0.06015625
1 0.8765625 0.12265625 0.01328125 0.0140625
0 0.63203125 0.959375 0.0265625 0.0125
1 0.6125 0.790625 0.03046875 0.02890625
0 0.36796875 0.95546875 0.05703125 0.01484375
0 0.0484375 0.57734375 0.01015625 0.04296875
0 0.04609375 0.30078125 0.009375 0.04609375
0 0.4375 0.028125 0.0453125 0.01015625
0 0.5234375 0.028125 0.046875 0.009375
1 0.4078125 0.309375 0.03046875 0.02578125
1 0.6734375 0.4765625 0.0203125 0.01953125
0 0.93203125 0.946875 0.01875 0.03671875
0 0.06328125 0.94375 0.01953125 0.01171875
2 0.83828125 0.225 0.0796875 0.18046875
2 0.2921875 0.70625 0.13046875 0.09375
2 0.21796875 0.8125 0.1625 0.040625
2 0.55234375 0.19765625 0.2703125 0.05546875
2 0.4828125 0.559375 0.01328125 0.01953125