1 0.18515625 0.79375 0.00859375 0.0078125
1 0.28515625 0.63359375 0.00703125 0.00703125
1 0.49296875 0.7640625 0.00546875 0.00546875
1 0.81171875 0.8515625 0.009375 0.00703125
1 0.67421875 0.63046875 0.00859375 0.00859375
1 0.55078125 0.5296875 0.009375 0.009375
1 0.6921875 0.309375 0.0078125 0.00859375
1 0.378125 0.278125 0.01015625 0.00859375
1 0.85078125 0.13984375 0.0125 0.0140625
0 0.3359375 0.95859375 0.03203125 0.01796875
0 0.875 0.9671875 0.015625 0.00703125
0 0.7921875 0.9671875 0.02109375 0.00703125