0 0.0546875 0.18125 0.01328125 0.02890625
1 0.27265625 0.18515625 0.01796875 0.02109375
1 0.165625 0.46953125 0.01015625 0.009375
1 0.384375 0.784375 0.01171875 0.0125
2 0.48515625 0.08671875 0.01796875 0.1046875
2 0.4390625 0.17578125 0.075 0.0703125
2 0.37578125 0.2328125 0.04765625 0.0453125
0 0.67421875 0.03359375 0.0140625 0.0109375
2 0.88984375 0.046875 0.009375 0.02890625
1 0.7578125 0.375 0.02109375 0.015625
1 0.5984375 0.57890625 0.0171875 0.01640625
1 0.78671875 0.71953125 0.0109375 0.0109375
2 0.865625 0.0375 0.0078125 0.015625
0 0.95625 0.471875 0.003125 0.0109375
0 0.95546875 0.45703125 0.003125 0.0125