2 0.65625 0.053125 0.00390625 0.01875
2 0.653125 0.1328125 0.00390625 0.0359375
2 0.65 0.16953125 0.00546875 0.034375
2 0.646875 0.21171875 0.00546875 0.0421875
2 0.63671875 0.2625 0.01640625 0.05546875
2 0.6234375 0.32578125 0.00859375 0.0640625
2 0.6203125 0.3859375 0.0078125 0.05234375
2 0.6109375 0.44453125 0.0140625 0.0609375
2 0.60078125 0.5109375 0.01015625 0.06640625
2 0.58984375 0.590625 0.01484375 0.08828125
2 0.5703125 0.69609375 0.0109375 0.03515625
2 0.55859375 0.74375 0.0125 0.03984375
2 0.5296875 0.8453125 0.0203125 0.0625
2 0.50859375 0.91171875 0.021875 0.06484375
1 0.49375 0.9515625 0.00625 0.0109375
0 0.48828125 0.965625 0.01171875 0.00546875
1 0.55078125 0.76953125 0.00703125 0.01015625
1 0.5796875 0.65625 0.0078125 0.00859375
1 0.56484375 0.71875 0.00546875 0.00546875
1 0.3625 0.31796875 0.00859375 0.009375
1 0.76796875 0.27265625 0.0078125 0.0078125
1 0.76484375 0.59765625 0.0078125 0.0078125
0 0.97578125 0.55078125 0.00546875 0.01171875
1 0.5421875 0.80625 0.00546875 0.0109375