2 0.770018959375 0.1774597421875 0.7602563109375 0.172692775 0.7184163875 0.329722384375 0.7253141000000001 0.33577792500000003 0.770018959375 0.1774597421875
2 0.3021640484375 0.4487853390625 0.2979506046875 0.4608819796875 0.44361534531249996 0.505639546875 0.44542110625 0.4947525703125 0.3021640484375 0.4487853390625
2 0.3340658296875 0.8909175265625 0.264667059375 0.8611847562499999 0.213681746875 0.8255956703124999 0.2059443078125 0.8302148765625 0.254456040625 0.8664918953124999 0.328293253125 0.8979244671875 0.3340658296875 0.8909175265625
2 0.7704581296875 0.6344687609374999 0.76865236875 0.6435412406250001 0.871580759375 0.6713635124999999 0.8729831234375001 0.6619224203125 0.7704581296875 0.6344687609374999
1 0.27890625 0.49609375 0.0078125 0.0078125
1 0.21796875 0.74921875 0.0078125 0.00703125
1 0.4125 0.8796875 0.01015625 0.00859375
0 0.3453125 0.96328125 0.03203125 0.00859375
0 0.94453125 0.96171875 0.021875 0.01875
0 0.96875 0.53046875 0.01171875 0.040625
0 0.0421875 0.1171875 0.009375 0.053125
0 0.04296875 0.03515625 0.00625 0.0046875
1 0.44140625 0.35 0.01328125 0.02578125
2 0.40859375 0.08828125 0.0125 0.12421875
2 0.4110016390625 0.1584841453125 0.4033164703125 0.16008259062500002 0.417096759375 0.2479976203125 0.4258419546875 0.2455999125 0.4110016390625 0.1584841453125
2 0.431203978125 0.2966468453125 0.42616886718749997 0.2585503375 0.4198387125 0.2580754953125 0.42139875625 0.29984374687500004 0.434649040625 0.33367770625 0.4433942375 0.3320792546875 0.431203978125 0.2966468453125
2 0.45084282187499997 0.3658316515625 0.4429888984375 0.36846347968750004 0.4595022609375 0.43830840000000004 0.46735620000000005 0.43547411093750005 0.45909950312500003 0.3972112484375 0.45084282187499997 0.3658316515625
2 0.46091194843750005 0.44389881249999996 0.48245989062500005 0.5439086421875 0.493133140625 0.5433012890625 0.4685644765625 0.44187432187500003 0.46091194843750005 0.44389881249999996
1 0.4890625 0.54921875 0.00703125 0.00859375
1 0.49375 0.5703125 0.00546875 0.00546875
2 0.49906105624999997 0.5746918812499999 0.49304360156250004 0.5757439328125 0.5090029375 0.652807053125 0.515936096875 0.6535960937499999 0.49906105624999997 0.5746918812499999
2 0.5091482265625 0.654912109375 0.52339250625 0.724875965625 0.5300640328124999 0.7229033593749999 0.516328534375 0.6548873125 0.5091482265625 0.654912109375
2 0.5454098484375 0.7487327500000001 0.53285168125 0.7241409328125 0.5261801562499999 0.7266395640625001 0.5464563671875 0.76727524375 0.5629389625 0.787658834375 0.566732578125 0.7812149875000001 0.5454098484375 0.7487327500000001
2 0.606849953125 0.8037185718750001 0.5756623640625 0.786641328125 0.5686285625 0.7926450468749999 0.602337703125 0.810389375 0.663651184375 0.8178606671875001 0.663783884375 0.8087883765624999 0.606849953125 0.8037185718750001
2 0.75732343125 0.80391605 0.6706035875 0.8096515171875 0.669747790625 0.8194018140624999 0.7590350031249999 0.8153869828125 0.8289243687500001 0.8007615484375 0.8237896328125001 0.788717065625 0.75732343125 0.80391605