1 0.44140625 0.38984375 0.00859375 0.0125
1 0.4796875 0.16796875 0.0078125 0.009375
1 0.675 0.28515625 0.00859375 0.0109375
1 0.26015625 0.24140625 0.00703125 0.0078125
1 0.71796875 0.19921875 0.00703125 0.00703125
1 0.26171875 0.59296875 0.0078125 0.009375
1 0.64453125 0.753125 0.0078125 0.00859375
2 0.35546875 0.925 0.009375 0.06484375
2 0.365625 0.79140625 0.0421875 0.03828125
2 0.4203125 0.75859375 0.04375 0.02109375
2 0.47890625 0.74140625 0.0484375 0.015625
1 0.34375 0.846875 0.00625 0.01015625
0 0.95078125 0.97109375 0.01953125 0.009375
0 0.8203125 0.97265625 0.01796875 0.0046875