1 0.36875 0.14609375 0.0125 0.0234375
1 0.54375 0.24921875 0.00625 0.009375
1 0.35859375 0.31484375 0.00546875 0.00625
1 0.47265625 0.56640625 0.00546875 0.00625
1 0.3421875 0.796875 0.00859375 0.0109375
1 0.60390625 0.865625 0.0078125 0.00703125
0 0.52265625 0.96171875 0.00859375 0.00625
0 0.55390625 0.959375 0.04453125 0.009375
0 0.9046875 0.94375 0.0484375 0.00546875
0 0.94921875 0.90859375 0.0046875 0.0171875
0 0.828125 0.94921875 0.00625 0.003125
1 0.82109375 0.38359375 0.003125 0.0046875
0 0.9515625 0.3765625 0.00859375 0.03828125
1 0.78515625 0.20859375 0.02109375 0.0171875
1 0.73671875 0.13125 0.003125 0.00390625
0 0.865625 0.0359375 0.02265625 0.00546875
0 0.46953125 0.03671875 0.03671875 0.00546875
0 0.05234375 0.3796875 0.00703125 0.02421875
1 0.74765625 0.65390625 0.00625 0.00703125
1 0.67890625 0.4703125 0.00546875 0.00546875
1 0.66796875 0.26796875 0.00390625 0.0046875
1 0.2015625 0.15625 0.00859375 0.00703125
1 0.20546875 0.4890625 0.0046875 0.00546875
2 0.846875 0.21875 0.09765625 0.046875
2 0.69609375 0.31875 0.03671875 0.03046875
2 0.78125 0.2546875 0.02734375 0.02109375