1 0.12109375 0.10703125 0.00546875 0.00390625
1 0.37265625 0.12109375 0.0046875 0.00390625
1 0.1453125 0.7578125 0.0078125 0.00703125
1 0.39140625 0.74453125 0.0046875 0.00390625
0 0.97421875 0.05390625 0.009375 0.00859375
0 0.97265625 0.06484375 0.009375 0.01171875
0 0.9765625 0.0734375 0.003125 0.00390625
1 0.82578125 0.25 0.00703125 0.00859375
1 0.66328125 0.4359375 0.00390625 0.00390625
1 0.7375 0.63828125 0.0078125 0.00625
1 0.60546875 0.68125 0.0125 0.01484375
0 0.946875 0.80859375 0.00859375 0.01328125
0 0.94296875 0.82265625 0.0125 0.0125
0 0.94453125 0.86796875 0.0046875 0.01328125
0 0.9375 0.92421875 0.00859375 0.02265625
0 0.93828125 0.94375 0.00390625 0.0140625
0 0.940625 0.90859375 0.003125 0.00625
0 0.94296875 0.89453125 0.00234375 0.009375
1 0.28984375 0.48046875 0.00546875 0.00625
0 0.590625 0.9796875 0.01015625 0.009375
0 0.59921875 0.98046875 0.00625 0.0078125
0 0.0484375 0.01953125 0.00390625 0.00546875
0 0.22890625 0.0203125 0.00625 0.00390625
0 0.7828125 0.98515625 0.00625 0.003125
2 0.8359375 0.96640625 0.00859375 0.0375
2 0.846875 0.9171875 0.0125 0.05625
2 0.8484375 0.84140625 0.0078125 0.06796875
2 0.84375 0.775 0.00546875 0.028125
2 0.834375 0.7078125 0.01171875 0.04765625
2 0.81484375 0.6078125 0.00625 0.02421875
2 0.80703125 0.56484375 0.015625 0.02421875
2 0.7765625 0.525 0.02734375 0.0375