2 0.5015625 0.07109375 0.10703125 0.05859375
2 0.62578125 0.1265625 0.13984375 0.05234375
2 0.7625 0.175 0.1328125 0.04375
2 0.89375 0.221875 0.1296875 0.04921875
0 0.95703125 0.190625 0.01015625 0.01015625
0 0.61953125 0.0484375 0.0328125 0.01484375
1 0.584375 0.25703125 0.02578125 0.02578125
1 0.81484375 0.45859375 0.01328125 0.01796875
1 0.725 0.640625 0.015625 0.0171875
1 0.76640625 0.7296875 0.00625 0.00546875
1 0.67578125 0.8921875 0.00625 0.00625
1 0.4828125 0.51953125 0.00546875 0.00546875
1 0.53671875 0.51953125 0.00546875 0.00546875
1 0.459375 0.2125 0.0046875 0.00625
1 0.53046875 0.2875 0.0046875 0.00546875
1 0.8609375 0.11640625 0.0046875 0.00625
1 0.21015625 0.1609375 0.0109375 0.009375
1 0.153125 0.359375 0.0046875 0.00703125
1 0.3078125 0.46953125 0.0140625 0.01328125
1 0.36171875 0.6875 0.01328125 0.01328125
1 0.23125 0.59453125 0.0046875 0.00546875
1 0.18671875 0.828125 0.01953125 0.01875
0 0.2390625 0.94453125 0.025 0.00625
0 0.0734375 0.93828125 0.03984375 0.01328125
0 0.046875 0.59296875 0.01015625 0.04765625
0 0.04296875 0.22734375 0.00546875 0.02578125