0 0.04140625 0.16171875 0.0109375 0.05859375
0 0.040625 0.259375 0.009375 0.04921875
1 0.26796875 0.5359375 0.01328125 0.01640625
1 0.61328125 0.54765625 0.015625 0.01875
2 0.48671875 0.78828125 0.01875 0.16640625
1 0.621875 0.746875 0.01015625 0.01015625
1 0.8 0.8359375 0.0171875 0.01484375
2 0.62421875 0.915625 0.0140625 0.06171875
2 0.6484375 0.8578125 0.03671875 0.03828125
0 0.64765625 0.9671875 0.040625 0.01328125
0 0.04375 0.69375 0.01015625 0.0265625
2 0.3984375 0.725 0.02890625 0.08984375
2 0.43515625 0.6296875 0.0328125 0.075
2 0.56640625 0.40078125 0.04140625 0.04140625
2 0.52578125 0.453125 0.034375 0.05546875
2 0.48828125 0.51796875 0.03515625 0.06328125
2 0.63203125 0.3375 0.0578125 0.040625
2 0.7 0.29921875 0.06484375 0.03828125
1 0.62890625 0.184375 0.01875 0.01640625
1 0.51015625 0.175 0.0109375 0.0125
0 0.95859375 0.33515625 0.01015625 0.028125
0 0.95703125 0.36171875 0.0109375 0.021875
1 0.775 0.61171875 0.009375 0.0109375
0 0.34296875 0.0390625 0.0140625 0.009375
0 0.10859375 0.0421875 0.04453125 0.00703125
1 0.13671875 0.4171875 0.009375 0.0109375
1 0.278125 0.240625 0.01015625 0.0109375
1 0.0984375 0.921875 0.00859375 0.009375
1 0.75546875 0.215625 0.01015625 0.009375
1 0.359375 0.81796875 0.01015625 0.00859375