0 0.053125 0.365625 0.01015625 0.028125
1 0.32265625 0.49140625 0.0125 0.0109375
2 0.6390625 0.53515625 0.00859375 0.14609375
2 0.41796875 0.7671875 0.121875 0.0546875
1 0.32890625 0.79296875 0.01015625 0.0109375
1 0.1765625 0.66484375 0.01796875 0.015625
0 0.5015625 0.9609375 0.009375 0.00625
0 0.5296875 0.959375 0.03828125 0.0109375
0 0.9375 0.390625 0.01015625 0.03828125
1 0.7796875 0.215625 0.021875 0.01875
1 0.54140625 0.24921875 0.0078125 0.01015625
2 0.853125 0.21875 0.071875 0.03203125
2 0.74453125 0.2859375 0.0984375 0.07578125
2 0.61171875 0.35 0.1328125 0.03671875
1 0.37265625 0.140625 0.01484375 0.0234375
1 0.20625 0.14609375 0.009375 0.009375
1 0.584375 0.8671875 0.0078125 0.0078125
0 0.88359375 0.95078125 0.0359375 0.0046875
0 0.4734375 0.0359375 0.03671875 0.0078125
0 0.8625 0.046875 0.0234375 0.0078125