0 0.8390625 0.03046875 0.00703125 0.00546875
0 0.84921875 0.03125 0.009375 0.00546875
0 0.865625 0.0328125 0.0203125 0.0078125
0 0.9734375 0.0375 0.00859375 0.009375
0 0.95234375 0.03359375 0.00546875 0.00234375
0 0.95546875 0.959375 0.00703125 0.00703125
0 0.7796875 0.965625 0.0140625 0.00625
0 0.765625 0.965625 0.01171875 0.00546875
0 0.2109375 0.96875 0.0109375 0.0046875
0 0.22578125 0.9671875 0.0171875 0.0078125
0 0.04375 0.65546875 0.0203125 0.025
0 0.04375 0.03125 0.0234375 0.009375
0 0.1140625 0.028125 0.040625 0.009375
0 0.14140625 0.025 0.01015625 0.00390625
2 0.67890625 0.07265625 0.01640625 0.10078125
2 0.71796875 0.196875 0.02734375 0.05
1 0.73203125 0.271875 0.0078125 0.00703125
1 0.76640625 0.6875 0.00625 0.00625
1 0.621875 0.84140625 0.00859375 0.00625
1 0.2953125 0.184375 0.00546875 0.00859375
1 0.10078125 0.30390625 0.00390625 0.0046875
1 0.2765625 0.43359375 0.0046875 0.0046875
1 0.403125 0.61484375 0.0078125 0.009375
1 0.503125 0.3578125 0.009375 0.00625
1 0.178125 0.85390625 0.00546875 0.0046875