1 0.23515625 0.2828125 0.02421875 0.02578125
1 0.49609375 0.23671875 0.01015625 0.009375
1 0.73515625 0.3625 0.00703125 0.00859375
1 0.8171875 0.16015625 0.00703125 0.00859375
1 0.31484375 0.47890625 0.009375 0.01171875
1 0.159375 0.5203125 0.0171875 0.0171875
1 0.2828125 0.62734375 0.0109375 0.009375
1 0.54921875 0.63671875 0.00703125 0.00703125
1 0.3984375 0.75 0.01015625 0.009375
1 0.20390625 0.7953125 0.0078125 0.0078125
1 0.703125 0.74609375 0.021875 0.01875
1 0.61796875 0.85078125 0.0078125 0.00546875
1 0.67578125 0.57421875 0.00546875 0.00625
0 0.3625 0.9609375 0.04765625 0.00859375
0 0.06953125 0.9359375 0.0125 0.034375
0 0.04609375 0.29921875 0.009375 0.04609375
0 0.0953125 0.0484375 0.0171875 0.0078125
0 0.9578125 0.5859375 0.01328125 0.01953125
0 0.83828125 0.95390625 0.02734375 0.009375
0 0.58515625 0.96171875 0.0078125 0.00546875
2 0.240625 0.109375 0.04921875 0.0078125
1 0.190625 0.16796875 0.00390625 0.00546875
2 0.80625 0.62109375 0.01875 0.06484375
2 0.8265625 0.68515625 0.0203125 0.0625
2 0.64375 0.1859375 0.015625 0.07578125
2 0.65625 0.2609375 0.01484375 0.0734375