1 0.50078125 0.23671875 0.02265625 0.01953125
1 0.3 0.24453125 0.00546875 0.0046875
1 0.51015625 0.5109375 0.0078125 0.00625
1 0.28515625 0.68359375 0.0078125 0.00859375
1 0.6921875 0.8625 0.00546875 0.00625
1 0.88984375 0.8203125 0.00625 0.00546875
1 0.77421875 0.61328125 0.00625 0.00625
1 0.75078125 0.24765625 0.0078125 0.00625
0 0.9703125 0.25078125 0.009375 0.04765625
0 0.93984375 0.03515625 0.021875 0.00859375
0 0.96484375 0.034375 0.0140625 0.00625
0 0.9703125 0.05859375 0.0046875 0.0046875
0 0.03828125 0.06484375 0.0078125 0.03984375
0 0.04140625 0.03671875 0.009375 0.01328125
0 0.12109375 0.03203125 0.04140625 0.009375
0 0.04921875 0.70390625 0.00859375 0.0453125
0 0.0609375 0.9453125 0.009375 0.04765625
0 0.140625 0.96640625 0.01640625 0.00625
2 0.17265625 0.1421875 0.03125 0.2328125
1 0.5140625 0.875 0.00390625 0.00390625