2 0.19765625 0.20625 0.06328125 0.096875
1 0.2296875 0.2671875 0.0078125 0.00859375
1 0.4671875 0.21796875 0.00859375 0.0078125
1 0.55625 0.5328125 0.0109375 0.01328125
1 0.75078125 0.57578125 0.00703125 0.0078125
0 0.94375 0.51171875 0.009375 0.0296875
1 0.75546875 0.371875 0.02109375 0.01953125
2 0.86875 0.3265625 0.03828125 0.08671875
0 0.71015625 0.0484375 0.0390625 0.0140625
2 0.8046875 0.0921875 0.02265625 0.06484375
0 0.8109375 0.04921875 0.01328125 0.009375
0 0.05625 0.859375 0.01953125 0.02890625
2 0.15625 0.74921875 0.03125 0.10546875
2 0.52109375 0.66328125 0.15703125 0.0140625
1 0.7125 0.753125 0.015625 0.0171875
0 0.93515625 0.73515625 0.01015625 0.03359375
1 0.275 0.5515625 0.01484375 0.015625
1 0.4890625 0.74765625 0.00859375 0.00859375
1 0.25 0.79609375 0.0078125 0.00546875
1 0.425 0.39609375 0.00546875 0.0078125
0 0.78984375 0.95390625 0.0234375 0.0078125