0 0.81640625 0.02265625 0.028125 0.00859375
0 0.83984375 0.02265625 0.01796875 0.0078125
0 0.9015625 0.0234375 0.00703125 0.0078125
0 0.96015625 0.040625 0.00390625 0.01171875
0 0.959375 0.025 0.00390625 0.00859375
1 0.76953125 0.61796875 0.0109375 0.00859375
2 0.93203125 0.740625 0.05625 0.0140625
2 0.8796875 0.753125 0.04765625 0.01484375
2 0.82265625 0.77265625 0.05234375 0.02109375
1 0.59453125 0.77578125 0.0140625 0.0125
0 0.7328125 0.96328125 0.01796875 0.0078125
0 0.6484375 0.96640625 0.0109375 0.00703125
0 0.1171875 0.965625 0.0265625 0.0078125
1 0.18359375 0.78203125 0.0078125 0.00859375
1 0.34296875 0.51015625 0.01171875 0.00859375
1 0.65859375 0.48671875 0.01015625 0.0078125
1 0.74609375 0.275 0.0078125 0.0078125
1 0.4640625 0.10078125 0.00859375 0.01015625
1 0.2328125 0.29921875 0.0078125 0.009375
1 0.50703125 0.30859375 0.0046875 0.00390625
2 0.41328125 0.08125 0.0203125 0.034375