1 0.1984375 0.4421875 0.0109375 0.0078125
1 0.46484375 0.484375 0.0078125 0.00625
1 0.67578125 0.4625 0.00546875 0.00625
1 0.23125 0.2421875 0.01015625 0.00859375
0 0.490625 0.95859375 0.0296875 0.01015625
1 0.29296875 0.8625 0.00625 0.00390625
1 0.75078125 0.94765625 0.00546875 0.00625
1 0.7390625 0.771875 0.00546875 0.00625
1 0.70859375 0.20546875 0.00625 0.00625
0 0.915625 0.02890625 0.0265625 0.00859375
1 0.8421875 0.52734375 0.00625 0.00546875
1 0.409375 0.146875 0.00703125 0.00703125
0 0.3875 0.0234375 0.0359375 0.01171875
0 0.4109375 0.02109375 0.009375 0.00703125
0 0.0390625 0.15859375 0.00546875 0.015625
0 0.046875 0.6703125 0.0125 0.05546875