0 0.36875 0.03671875 0.028125 0.01328125
0 0.45625 0.0328125 0.02578125 0.00859375
1 0.409375 0.16796875 0.00625 0.0078125
1 0.67109375 0.28125 0.01015625 0.00859375
1 0.22421875 0.35703125 0.01015625 0.009375
1 0.428125 0.49453125 0.01015625 0.00625
1 0.365625 0.84453125 0.00625 0.00703125
1 0.765625 0.83359375 0.00703125 0.00703125
1 0.81484375 0.48125 0.00625 0.00625
0 0.66328125 0.03515625 0.00703125 0.00546875
0 0.9515625 0.69921875 0.00625 0.0234375
0 0.94375 0.8796875 0.00546875 0.01328125
0 0.1015625 0.93828125 0.0109375 0.00859375
0 0.0546875 0.67109375 0.0078125 0.0109375
1 0.13046875 0.0984375 0.0078125 0.00625
0 0.1875 0.94296875 0.015625 0.00390625
1 0.1109375 0.91640625 0.003125 0.003125
0 0.878125 0.94921875 0.0265625 0.00390625
0 0.92265625 0.95 0.009375 0.003125
0 0.9546875 0.578125 0.00859375 0.01171875
0 0.95546875 0.5546875 0.009375 0.01484375
0 0.94375 0.0453125 0.02734375 0.00625