0 0.04453125 0.53671875 0.0109375 0.03359375
0 0.04296875 0.5125 0.00625 0.00859375
1 0.13984375 0.6 0.00546875 0.00625
0 0.05625 0.9078125 0.00703125 0.05234375
0 0.08984375 0.953125 0.0171875 0.0046875
0 0.60859375 0.959375 0.01484375 0.00625
0 0.62265625 0.9578125 0.01171875 0.00859375
0 0.63359375 0.96015625 0.009375 0.0046875
0 0.94921875 0.875 0.00625 0.0234375
0 0.96328125 0.4703125 0.00546875 0.0171875
0 0.9625 0.4890625 0.00546875 0.01953125
1 0.8625 0.375 0.021875 0.0125
1 0.8578125 0.20390625 0.00703125 0.00859375
0 0.63828125 0.03984375 0.0125 0.0078125
0 0.65078125 0.040625 0.0109375 0.00859375
1 0.34296875 0.1671875 0.01484375 0.01640625
1 0.2140625 0.328125 0.01171875 0.01015625
1 0.51875 0.3234375 0.0109375 0.0125
1 0.6984375 0.3609375 0.0046875 0.00390625
1 0.75703125 0.5515625 0.0109375 0.0078125
1 0.7875 0.79375 0.01796875 0.02265625
2 0.67109375 0.66796875 0.04296875 0.1015625
2 0.7390625 0.7859375 0.02578125 0.03359375
2 0.78515625 0.871875 0.0265625 0.06796875
1 0.4453125 0.47109375 0.00546875 0.0046875