1 0.15625 0.16015625 0.00703125 0.00546875
1 0.4265625 0.29375 0.0078125 0.009375
1 0.50625 0.52109375 0.0109375 0.01015625
1 0.20625 0.51875 0.00546875 0.0078125
1 0.36484375 0.778125 0.00703125 0.0078125
1 0.61015625 0.7765625 0.00703125 0.00703125
1 0.7203125 0.72578125 0.01015625 0.0109375
1 0.75078125 0.45234375 0.009375 0.00625
1 0.78203125 0.18984375 0.00703125 0.0046875
1 0.8625 0.128125 0.00859375 0.0078125
0 0.94296875 0.9546875 0.01796875 0.01015625
0 0.04140625 0.9125 0.0203125 0.01328125
1 0.15390625 0.4765625 0.003125 0.003125
2 0.65859375 0.2828125 0.19609375 0.03046875