0 0.2734375 0.02421875 0.04609375 0.00625
0 0.30234375 0.02578125 0.009375 0.01015625
0 0.31484375 0.0234375 0.0140625 0.00625
2 0.18203125 0.11484375 0.0609375 0.075
2 0.26328125 0.19453125 0.0515625 0.04453125
2 0.31328125 0.23828125 0.0296875 0.02734375
2 0.38125 0.30859375 0.06328125 0.07421875
1 0.153125 0.45859375 0.01015625 0.00859375
1 0.35078125 0.6796875 0.00703125 0.00703125
0 0.409375 0.98125 0.0296875 0.0078125
0 0.0234375 0.33984375 0.00703125 0.03125
0 0.85390625 0.021875 0.03359375 0.009375
0 0.965625 0.02265625 0.0078125 0.00625