0 0.13125 0.02734375 0.0375 0.009375
0 0.8515625 0.0359375 0.01953125 0.00703125
0 0.95546875 0.04140625 0.00859375 0.01015625
0 0.75078125 0.97109375 0.0375 0.00703125
0 0.2296875 0.96875 0.03984375 0.01015625
0 0.06015625 0.65390625 0.0203125 0.02578125
1 0.1171875 0.303125 0.0046875 0.00625
1 0.30390625 0.184375 0.00625 0.009375
1 0.50234375 0.359375 0.01015625 0.00625
1 0.40546875 0.61640625 0.0078125 0.01015625
1 0.75234375 0.69140625 0.00625 0.0078125
1 0.6125 0.8453125 0.00859375 0.00625
1 0.1875 0.85390625 0.0046875 0.00625
1 0.72265625 0.275 0.0078125 0.0078125
2 0.6671875 0.05703125 0.00625 0.03828125
2 0.67265625 0.10234375 0.00859375 0.04296875
0 0.8359375 0.034375 0.01015625 0.00625
1 0.284375 0.43359375 0.00546875 0.00703125