0 0.3359375 0.0421875 0.053125 0.0125
0 0.965625 0.359375 0.0140625 0.0453125
0 0.0390625 0.66875 0.01171875 0.01640625
0 0.16796875 0.96171875 0.05703125 0.0109375
0 0.6828125 0.9625 0.02578125 0.0109375
1 0.52734375 0.74140625 0.0171875 0.0140625
1 0.53828125 0.39609375 0.01875 0.01875
1 0.73984375 0.3859375 0.0109375 0.01171875
1 0.83515625 0.20234375 0.0171875 0.01796875
1 0.6046875 0.2296875 0.01171875 0.00859375
1 0.17578125 0.3828125 0.01640625 0.0171875
1 0.16953125 0.5015625 0.01328125 0.0125
2 0.2453382515625 0.1073410140625 0.10705575 0.15702398125 0.1118928046875 0.1677509828125 0.249606228125 0.116656565625 0.2453382515625 0.1073410140625
2 0.878960875 0.5418411515625 0.8793319859375 0.5204843515625 0.6979619640625 0.5108496687499999 0.6952438812499999 0.53005810625 0.77578241875 0.52711233125 0.878960875 0.5418411515625
2 0.5391276453125 0.5270753171875 0.42360204843749993 0.46691891406249997 0.325468771875 0.36193892499999997 0.31040159375 0.369347896875 0.40602732656249996 0.473289840625 0.5348908015625 0.5460502640625 0.5391276453125 0.5270753171875
2 0.7672036640625 0.622190728125 0.6077878234375 0.5644524343749999 0.60257131875 0.5789550359375 0.760545703125 0.6336001609374999 0.7672036640625 0.622190728125
2 0.8665931515624999 0.38420844062500004 0.9442530984375 0.397049784375 0.94143933125 0.3791835875 0.8733461765625 0.3657839328125 0.8665931515624999 0.38420844062500004
2 0.806495190625 0.639187165625 0.7973514984375 0.6550948984375 0.8913095906249999 0.7070304328125 0.900705353125 0.6897186296875 0.806495190625 0.639187165625
0 0.25703125 0.96328125 0.0453125 0.01015625
1 0.409375 0.8703125 0.0109375 0.009375
1 0.2359375 0.73125 0.01015625 0.01015625
1 0.45078125 0.6265625 0.00859375 0.01015625