0 0.39765625 0.04609375 0.0515625 0.01875
0 0.815625 0.05234375 0.04296875 0.02578125
1 0.14453125 0.1453125 0.01328125 0.0109375
1 0.31796875 0.30859375 0.01015625 0.00703125
1 0.14140625 0.5046875 0.02109375 0.0140625
1 0.29453125 0.634375 0.0109375 0.00859375
1 0.43125 0.8640625 0.01640625 0.01328125
1 0.64453125 0.725 0.0078125 0.0078125
1 0.80390625 0.82421875 0.009375 0.00859375
1 0.83203125 0.6734375 0.01484375 0.01875
1 0.771875 0.5078125 0.00546875 0.00703125
1 0.5375 0.4515625 0.01015625 0.01015625
1 0.6359375 0.32109375 0.00859375 0.0078125
1 0.89296875 0.38125 0.01484375 0.01484375
1 0.85625 0.16953125 0.01015625 0.01015625
0 0.96640625 0.6671875 0.01875 0.03125
0 0.82578125 0.965625 0.0265625 0.00859375
0 0.975 0.18671875 0.0078125 0.0265625
0 0.975 0.09921875 0.00546875 0.01796875
0 0.04296875 0.05 0.01015625 0.00859375
0 0.05703125 0.71875 0.01328125 0.05234375
0 0.05390625 0.67109375 0.0078125 0.00859375