1 0.58359375 0.85390625 0.01171875 0.009375
2 0.08671875 0.38515625 0.07578125 0.0171875
1 0.6625 0.04453125 0.00546875 0.00625
2 0.15859375 0.35859375 0.04296875 0.0171875
2 0.22890625 0.3453125 0.0890625 0.01328125
2 0.33984375 0.3296875 0.05625 0.01484375
2 0.58984375 0.29921875 0.04609375 0.0140625
1 0.13046875 0.371875 0.00859375 0.00703125
0 0.0578125 0.04375 0.021875 0.0078125
2 0.07109375 0.57734375 0.03828125 0.0078125
2 0.11171875 0.5875 0.025 0.015625
2 0.1421875 0.615625 0.01328125 0.01875
2 0.17421875 0.69140625 0.01328125 0.0390625
0 0.9578125 0.1578125 0.00625 0.02109375
1 0.3078125 0.33671875 0.00390625 0.00546875