1 0.07109375 0.071875 0.009375 0.0078125
0 0.01875 0.01953125 0.00390625 0.00234375
0 0.0265625 0.01875 0.00390625 0.00234375
0 0.30625 0.01171875 0.0265625 0.0078125
0 0.740625 0.009375 0.0234375 0.00625
0 0.7640625 0.01015625 0.02109375 0.00703125
0 0.82421875 0.00859375 0.0109375 0.00390625
0 0.83828125 0.01015625 0.01640625 0.00625
0 0.85390625 0.01171875 0.01484375 0.00703125
0 0.86796875 0.01015625 0.0109375 0.0046875
0 0.9671875 0.0125 0.0015625 0.00390625
0 0.9671875 0.06640625 0.0046875 0.01328125
0 0.96875 0.07890625 0.00234375 0.01015625
0 0.96796875 0.0875 0.0046875 0.00625
0 0.96796875 0.09609375 0.0046875 0.009375
0 0.96953125 0.1046875 0.003125 0.00703125
0 0.96953125 0.1171875 0.00390625 0.00859375
0 0.97265625 0.32890625 0.0078125 0.0140625
0 0.975 0.84765625 0.00390625 0.0125
0 0.975 0.86875 0.00234375 0.0109375
0 0.975 0.87890625 0.00234375 0.00703125
0 0.97421875 0.89609375 0.003125 0.009375
0 0.65625 0.97734375 0.009375 0.0046875
0 0.66796875 0.97421875 0.0140625 0.00859375
0 0.6796875 0.975 0.00859375 0.00625
0 0.68828125 0.975 0.0078125 0.0046875
0 0.696875 0.975 0.00859375 0.00546875
1 0.17734375 0.82578125 0.01484375 0.01484375
0 0.0375 0.65078125 0.01015625 0.00859375
0 0.03671875 0.6609375 0.00703125 0.01015625
0 0.03828125 0.67265625 0.00859375 0.0125
0 0.03671875 0.6859375 0.0046875 0.01484375
0 0.0234375 0.30234375 0.00703125 0.009375
2 0.0984375 0.3125 0.0546875 0.0203125
2 0.14375 0.3328125 0.028125 0.01796875
2 0.18359375 0.35390625 0.03828125 0.02421875
2 0.23984375 0.3796875 0.07109375 0.034375
2 0.309375 0.40625 0.0578125 0.021875
2 0.38515625 0.43515625 0.08671875 0.03984375
2 0.45078125 0.4640625 0.040625 0.0265625
2 0.51171875 0.4984375 0.0546875 0.03515625
2 0.56484375 0.5296875 0.04921875 0.03203125
2 0.61484375 0.56796875 0.0453125 0.04375
2 0.65859375 0.60703125 0.02734375 0.03671875
2 0.69375 0.65703125 0.040625 0.06484375
2 0.73046875 0.725 0.0296875 0.07109375
1 0.80390625 0.7609375 0.00546875 0.0046875
1 0.615625 0.76328125 0.0046875 0.0046875
1 0.31328125 0.21015625 0.00390625 0.0046875
1 0.59375 0.11328125 0.00703125 0.00703125
2 0.4546875 0.1703125 0.0296875 0.00546875
2 0.490625 0.1703125 0.01015625 0.00390625
2 0.52578125 0.175 0.01484375 0.003125
2 0.27578125 0.340625 0.04765625 0.0046875
1 0.55234375 0.37734375 0.0046875 0.0046875
1 0.77265625 0.2625 0.0078125 0.0078125
1 0.26484375 0.6359375 0.00703125 0.00703125
1 0.46953125 0.62109375 0.01484375 0.0140625
2 0.08359375 0.64140625 0.08359375 0.0109375
2 0.1453125 0.66015625 0.03671875 0.02734375
2 0.17734375 0.7015625 0.0234375 0.05
2 0.19375 0.771875 0.01171875 0.0796875
1 0.40703125 0.79453125 0.00703125 0.00859375
1 0.8390625 0.5046875 0.0078125 0.00859375
1 0.83125 0.62890625 0.0109375 0.0140625
1 0.965625 0.35703125 0.00390625 0.0046875