2 0.54609375 0.2015625 0.0203125 0.19140625
2 0.265625 0.684375 0.1234375 0.06015625
2 0.4484375 0.83359375 0.02734375 0.11328125
2 0.65 0.7546875 0.11015625 0.04140625
1 0.253125 0.73359375 0.01484375 0.0125
0 0.8015625 0.946875 0.0203125 0.00546875
1 0.8375 0.5328125 0.0140625 0.0171875
1 0.64296875 0.45390625 0.009375 0.00859375
0 0.93828125 0.46640625 0.02578125 0.05625
1 0.8484375 0.3375 0.01796875 0.0125
1 0.63125 0.23125 0.00703125 0.00703125
0 0.94609375 0.0921875 0.01015625 0.0375
0 0.72265625 0.05 0.01796875 0.0109375
1 0.38515625 0.2265625 0.01328125 0.021875
1 0.21015625 0.24140625 0.00859375 0.00703125
0 0.03828125 0.13125 0.00859375 0.03046875
0 0.0359375 0.36171875 0.00625 0.0171875
1 0.21875 0.4734375 0.00859375 0.0078125