0 0.04765625 0.6265625 0.01015625 0.03828125
1 0.18125 0.62421875 0.00546875 0.00625
1 0.21640625 0.7921875 0.0234375 0.0171875
1 0.45859375 0.759375 0.009375 0.0109375
1 0.6296875 0.85859375 0.0140625 0.02265625
1 0.68359375 0.5296875 0.0125 0.0109375
0 0.95 0.65 0.009375 0.02421875
1 0.8359375 0.36171875 0.01953125 0.015625
1 0.6828125 0.23359375 0.0109375 0.01171875
1 0.41484375 0.15234375 0.0078125 0.0078125
0 0.47109375 0.059375 0.05078125 0.0109375
0 0.50390625 0.0578125 0.0078125 0.00625
1 0.146875 0.21640625 0.0078125 0.00625
1 0.26015625 0.3609375 0.00625 0.0078125
2 0.35703125 0.484375 0.00703125 0.14375
1 0.53984375 0.45625 0.00546875 0.00703125
1 0.328125 0.54375 0.00625 0.00625
1 0.6453125 0.7015625 0.00625 0.00859375
1 0.79296875 0.853125 0.01015625 0.0078125
0 0.52734375 0.95546875 0.0375 0.0078125
0 0.134375 0.95078125 0.025 0.00625
2 0.159375 0.78203125 0.05234375 0.02421875
2 0.22578125 0.74453125 0.03359375 0.02578125
2 0.3375 0.6796875 0.0953125 0.04140625
0 0.05 0.0921875 0.00625 0.021875
0 0.096875 0.0578125 0.05546875 0.00546875
1 0.80625 0.54140625 0.00703125 0.00625