0 0.428125 0.03203125 0.02890625 0.01171875
1 0.22890625 0.1546875 0.0078125 0.00703125
1 0.64140625 0.140625 0.00546875 0.00703125
1 0.57578125 0.5046875 0.00859375 0.00703125
1 0.334375 0.71875 0.009375 0.00625
1 0.59453125 0.82890625 0.00625 0.00625
0 0.94765625 0.7875 0.009375 0.028125
1 0.87109375 0.89609375 0.0078125 0.00546875
1 0.78125 0.6421875 0.00859375 0.00859375
0 0.95859375 0.31953125 0.00625 0.01640625
0 0.91796875 0.03984375 0.01328125 0.009375
0 0.634375 0.95546875 0.028125 0.0125
0 0.54765625 0.95703125 0.02421875 0.0078125
0 0.34609375 0.9578125 0.00703125 0.0046875
0 0.071875 0.94921875 0.025 0.00546875
0 0.04375 0.44609375 0.0078125 0.0140625
0 0.04375 0.421875 0.0078125 0.0109375
0 0.04375 0.29765625 0.00703125 0.0265625
0 0.04453125 0.1078125 0.00546875 0.0140625
1 0.18671875 0.51953125 0.00625 0.00546875
0 0.05546875 0.9484375 0.0046875 0.0046875