1 0.58359375 0.128125 0.01015625 0.015625
1 0.35703125 0.49296875 0.015625 0.01484375
1 0.75625 0.60859375 0.01171875 0.01875
0 0.79296875 0.03671875 0.03828125 0.01484375
0 0.95703125 0.21640625 0.009375 0.04609375
0 0.69609375 0.9515625 0.053125 0.015625
0 0.49453125 0.95390625 0.0078125 0.0078125
0 0.046875 0.746875 0.0078125 0.04921875
0 0.04375 0.71484375 0.003125 0.01328125
1 0.16796875 0.29375 0.0140625 0.0171875
0 0.88258409375 0.033365109375 0.9580320656250001 0.07070225625 0.95881798125 0.0325707015625 0.88258409375 0.033365109375
2 0.2859375 0.5453125 0.153125 0.046875
2 0.27578125 0.20234375 0.3765625 0.0265625
2 0.4765625 0.109375 0.078125 0.15078125
2 0.35859375 0.28671875 0.1109375 0.13984375
2 0.11640625 0.5625 0.13359375 0.13984375
2 0.24453125 0.421875 0.115625 0.1296875
2 0.43671875 0.59296875 0.14375 0.04375
2 0.30078125 0.65390625 0.12265625 0.165625
2 0.41171875 0.49921875 0.09296875 0.13125
2 0.496875 0.37109375 0.07421875 0.1203125
2 0.56484375 0.25546875 0.05859375 0.10390625
2 0.6171875 0.16015625 0.04140625 0.08203125
2 0.2796875 0.9140625 0.11171875 0.06484375
2 0.38359375 0.84453125 0.0875 0.06875
2 0.46796875 0.76796875 0.075 0.08125
2 0.53671875 0.678125 0.0609375 0.0953125
2 0.6 0.56796875 0.0578125 0.11640625
2 0.87890625 0.840625 0.13515625 0.05
2 0.72109375 0.88515625 0.1796875 0.040625
2 0.53046875 0.921875 0.19453125 0.0359375
2 0.7859375 0.15625 0.05 0.1734375
2 0.84453125 0.290625 0.0484375 0.2109375
2 0.734375 0.33359375 0.053125 0.178125
2 0.80859375 0.50546875 0.02734375 0.2140625
2 0.69453125 0.53671875 0.0328125 0.22265625