1 0.34140625 0.346875 0.00859375 0.00859375
1 0.55859375 0.15546875 0.01015625 0.01171875
1 0.7734375 0.58671875 0.00625 0.00625
1 0.4625 0.771875 0.01015625 0.009375
0 0.67578125 0.0296875 0.03046875 0.00625
0 0.96953125 0.31171875 0.01015625 0.00859375
0 0.95703125 0.84140625 0.01015625 0.03125
0 0.04609375 0.39921875 0.009375 0.03046875
2 0.11660260625 0.7474409140625 0.122246990625 0.715606515625 0.11866205781250001 0.631858684375 0.1131056046875 0.631858684375 0.11560106562500001 0.7151660984375 0.11205642812500001 0.7469390640625 0.11660260625 0.7474409140625
2 0.613219590625 0.546697765625 0.61886215 0.5415589796875 0.49487337656249997 0.4712446234375 0.4639264578125 0.462141565625 0.46401186875 0.4694418515625 0.49378414687500005 0.47953737500000004 0.613219590625 0.546697765625
2 0.91138049375 0.6723189265625 0.9021970312500001 0.6675035609375 0.8782179265625001 0.7980253609375 0.8851055328124999 0.80486824375 0.91138049375 0.6723189265625
2 0.12199394999999999 0.2388950171875 0.0421721078125 0.2702444171875 0.0419544078125 0.2788960421875 0.12380911406249999 0.24668377187499999 0.12199394999999999 0.2388950171875
0 0.97109375 0.284375 0.00703125 0.0453125
0 0.97109375 0.328125 0.00546875 0.0046875
2 0.803125 0.10859375 0.08125 0.00859375
2 0.8720354921875 0.1860564078125 0.7482549328125 0.33219216875 0.758714275 0.340920959375 0.88464474375 0.1929470640625 0.8720354921875 0.1860564078125
2 0.7406998812500001 0.34327071875000004 0.6407490499999999 0.42533860468749995 0.647404478125 0.43195081718750006 0.7469754859375 0.35116820937500004 0.7406998812500001 0.34327071875000004