2 0.45390625 0.1109375 0.01640625 0.14375
1 0.49296875 0.525 0.021875 0.0171875
1 0.40703125 0.625 0.0078125 0.00859375
1 0.43125 0.81015625 0.0140625 0.0078125
1 0.628125 0.8453125 0.00625 0.00625
2 0.7765625 0.8359375 0.11484375 0.00859375
1 0.7703125 0.69140625 0.00859375 0.00703125
1 0.69375 0.540625 0.009375 0.01015625
1 0.50234375 0.3703125 0.0109375 0.00625
1 0.7296875 0.28203125 0.00625 0.00546875
1 0.86796875 0.45859375 0.0171875 0.01328125
0 0.78046875 0.9671875 0.0265625 0.00703125
0 0.84765625 0.04296875 0.03984375 0.00703125
0 0.9640625 0.04765625 0.009375 0.01015625
0 0.11171875 0.05546875 0.0421875 0.01171875
1 0.09609375 0.325 0.01796875 0.0140625
0 0.04921875 0.671875 0.01875 0.02265625
0 0.2359375 0.97734375 0.03671875 0.00859375
1 0.29296875 0.203125 0.0078125 0.01171875