0 0.0453125 0.20390625 0.02578125 0.04375
0 0.090625 0.03984375 0.0171875 0.0078125
0 0.18046875 0.03828125 0.03125 0.00703125
0 0.409375 0.03828125 0.02890625 0.00546875
0 0.37578125 0.1234375 0.015625 0.015625
0 0.66875 0.04921875 0.03515625 0.0171875
1 0.671875 0.1890625 0.01875 0.01484375
1 0.71015625 0.1734375 0.00390625 0.00546875
1 0.8265625 0.21875 0.0078125 0.00625
0 0.971875 0.203125 0.00703125 0.0125
0 0.9734375 0.18828125 0.00390625 0.01484375
2 0.84296875 0.3875 0.00546875 0.1546875
1 0.71953125 0.38203125 0.00625 0.0078125
1 0.8546875 0.6015625 0.015625 0.01640625
2 0.49765625 0.63515625 0.02734375 0.04140625
2 0.47109375 0.6765625 0.02421875 0.03984375
1 0.621875 0.73359375 0.009375 0.009375
1 0.49140625 0.88125 0.01640625 0.0203125
1 0.14140625 0.871875 0.0125 0.01171875
0 0.05 0.9671875 0.01015625 0.009375
0 0.04140625 0.60859375 0.0171875 0.02109375
0 0.04375 0.634375 0.0171875 0.028125
2 0.1171875 0.284375 0.04765625 0.0375
2 0.1625 0.32109375 0.03984375 0.03359375
1 0.16171875 0.16015625 0.00859375 0.00703125
1 0.4421875 0.4875 0.009375 0.00859375
1 0.31171875 0.38671875 0.00703125 0.0078125
1 0.3 0.70546875 0.00703125 0.00859375
0 0.684375 0.96796875 0.01875 0.01015625
0 0.7109375 0.96640625 0.0328125 0.0109375
0 0.653125 0.96953125 0.009375 0.00625
0 0.634375 0.97109375 0.02265625 0.00390625