2 0.2078125 0.26953125 0.0953125 0.01796875
1 0.43125 0.24296875 0.02890625 0.01953125
2 0.6015625 0.48046875 0.09140625 0.04609375
1 0.83828125 0.315625 0.0171875 0.01484375
1 0.79375 0.565625 0.0125 0.009375
0 0.94765625 0.34453125 0.0140625 0.053125
2 0.79921875 0.803125 0.04453125 0.09609375
0 0.60390625 0.95390625 0.04375 0.01328125
1 0.15859375 0.7390625 0.01796875 0.01875
1 0.46328125 0.684375 0.01171875 0.0171875
1 0.64609375 0.321875 0.01015625 0.00859375
0 0.51875 0.05078125 0.034375 0.0125
0 0.9375 0.06796875 0.034375 0.02265625
0 0.10859375 0.94921875 0.02421875 0.00859375