1 0.2 0.18203125 0.0078125 0.00859375
1 0.5234375 0.29375 0.0109375 0.00859375
1 0.771875 0.47734375 0.0109375 0.0109375
1 0.36484375 0.5375 0.00625 0.00859375
1 0.42890625 0.66796875 0.00703125 0.00546875
1 0.64765625 0.7265625 0.0078125 0.00859375
1 0.85546875 0.80859375 0.00859375 0.00859375
0 0.41953125 0.96328125 0.0203125 0.01328125
2 0.334375 0.95546875 0.0046875 0.025
2 0.125 0.9578125 0.00390625 0.01640625
2 0.05625 0.85 0.01015625 0.04765625
2 0.0484375 0.80703125 0.0078125 0.034375
2 0.04375 0.76015625 0.00546875 0.059375
0 0.0296875 0.57734375 0.00546875 0.00859375
0 0.03203125 0.046875 0.00390625 0.00703125
0 0.040625 0.04453125 0.00390625 0.00390625
0 0.9546875 0.06640625 0.00703125 0.01796875
1 0.8375 0.1640625 0.00625 0.00390625
1 0.94453125 0.128125 0.0046875 0.00625