0 0.2328125 0.04453125 0.015625 0.00546875
0 0.06796875 0.04765625 0.00859375 0.00390625
0 0.065625 0.53046875 0.003125 0.01796875
0 0.06640625 0.57890625 0.003125 0.0125
0 0.06796875 0.64765625 0.0046875 0.0078125
0 0.07734375 0.94453125 0.01015625 0.0125
1 0.359375 0.55234375 0.01015625 0.01015625
1 0.6515625 0.334375 0.0171875 0.00859375
0 0.7515625 0.04609375 0.01640625 0.009375
2 0.92265625 0.90859375 0.01875 0.04921875
0 0.61015625 0.96015625 0.0171875 0.0046875
0 0.51953125 0.959375 0.0296875 0.00546875
0 0.065625 0.51640625 0.003125 0.009375
0 0.06484375 0.50703125 0.003125 0.00859375
0 0.06484375 0.4875 0.003125 0.01015625
0 0.06484375 0.44375 0.003125 0.00703125
0 0.55546875 0.040625 0.02109375 0.00546875
0 0.9359375 0.94140625 0.0234375 0.034375
0 0.95078125 0.72578125 0.00390625 0.01015625
0 0.9515625 0.71328125 0.00546875 0.0109375