2 0.3203125 0.4875 0.03046875 0.1171875
2 0.66328125 0.22421875 0.034375 0.05703125
1 0.68046875 0.1875 0.01015625 0.01328125
2 0.628125 0.3109375 0.03125 0.08359375
0 0.97578125 0.07578125 0.0140625 0.03984375
0 0.43046875 0.9703125 0.025 0.01015625
1 0.6453125 0.2609375 0.009375 0.0125
1 0.7046875 0.103125 0.00859375 0.01328125
1 0.2125 0.221875 0.01015625 0.009375
1 0.50546875 0.3078125 0.01015625 0.00859375
0 0.03046875 0.659375 0.01015625 0.03671875
0 0.028125 0.6140625 0.00703125 0.03671875