1 0.3453125 0.32578125 0.0046875 0.00546875
1 0.859375 0.6109375 0.0046875 0.00390625
1 0.66015625 0.62421875 0.0046875 0.00546875
1 0.50859375 0.5359375 0.0203125 0.02109375
1 0.815625 0.24140625 0.00703125 0.00625
0 0.97734375 0.28203125 0.00703125 0.01640625
0 0.97734375 0.29375 0.00546875 0.00625
0 0.97890625 0.3015625 0.0046875 0.00859375
0 0.971875 0.84765625 0.0078125 0.01171875
0 0.97421875 0.83828125 0.00234375 0.0046875
0 0.975 0.82578125 0.00234375 0.0109375
0 0.975 0.81171875 0.00234375 0.00625
0 0.975 0.78671875 0.003125 0.00859375
0 0.97421875 0.03515625 0.01015625 0.0109375
0 0.84296875 0.028125 0.01953125 0.00546875
0 0.86171875 0.03046875 0.015625 0.00859375
1 0.7046875 0.14140625 0.00390625 0.0046875
0 0.0296875 0.20546875 0.0046875 0.01015625
0 0.03046875 0.215625 0.00546875 0.01015625
0 0.03046875 0.2265625 0.0046875 0.009375
0 0.0296875 0.2359375 0.0046875 0.00703125
0 0.02890625 0.24453125 0.003125 0.0078125
0 0.06484375 0.978125 0.00625 0.00703125
0 0.11875 0.97578125 0.01796875 0.0125
0 0.83046875 0.965625 0.0125 0.0125
0 0.84609375 0.96796875 0.01796875 0.0046875
0 0.86171875 0.965625 0.01015625 0.00859375
1 0.82578125 0.875 0.00390625 0.0046875
1 0.46953125 0.82421875 0.0046875 0.00546875
1 0.209375 0.78984375 0.00546875 0.0046875