1 0.61015625 0.46875 0.02109375 0.021875
1 0.2671875 0.56796875 0.0125 0.01171875
1 0.315625 0.79765625 0.00859375 0.009375
1 0.49609375 0.85078125 0.01640625 0.01796875
1 0.71640625 0.725 0.01328125 0.0171875
1 0.22265625 0.21953125 0.0109375 0.0125
0 0.14765625 0.03828125 0.04140625 0.0140625
0 0.25 0.97578125 0.03984375 0.00625
0 0.86796875 0.975 0.034375 0.0109375
0 0.965625 0.9671875 0.01796875 0.01953125
0 0.97421875 0.92109375 0.00859375 0.040625
0 0.02734375 0.33203125 0.01328125 0.02890625