0 0.1390625 0.03984375 0.03125 0.01875
2 0.22734375 0.1578125 0.0546875 0.0140625
2 0.28125 0.1421875 0.05078125 0.01953125
1 0.45390625 0.2765625 0.015625 0.015625
2 0.759375 0.16796875 0.0515625 0.0359375
2 0.81171875 0.20625 0.05 0.0390625
2 0.68984375 0.55390625 0.01171875 0.140625
1 0.6359375 0.77890625 0.01875 0.021875
1 0.475 0.5734375 0.01484375 0.0109375
2 0.34609375 0.5375 0.01015625 0.16796875
1 0.2578125 0.74453125 0.01796875 0.01875
2 0.68125 0.89453125 0.0890625 0.046875
0 0.5015625 0.97890625 0.02890625 0.0109375
0 0.2765625 0.98046875 0.0296875 0.01171875
0 0.0546875 0.8328125 0.00859375 0.025
0 0.94453125 0.725 0.01328125 0.040625
2 0.89609375 0.8203125 0.04296875 0.0171875
0 0.94453125 0.82578125 0.0078125 0.0140625
1 0.43671875 0.7796875 0.00703125 0.00859375