1 0.4546875 0.37265625 0.00625 0.00703125
1 0.8296875 0.209375 0.00625 0.00703125
1 0.5046875 0.7875 0.00859375 0.00546875
2 0.18828125 0.03671875 0.15546875 0.01953125
2 0.02265625 0.11328125 0.015625 0.003125
2 0.02578125 0.06328125 0.01875 0.00390625
2 0.01875 0.08046875 0.00625 0.003125
2 0.01796875 0.184375 0.0078125 0.003125
2 0.0171875 0.2265625 0.00703125 0.003125
2 0.01953125 0.25703125 0.01328125 0.00234375
2 0.025 0.33203125 0.025 0.003125
2 0.0203125 0.35703125 0.01640625 0.003125
0 0.42109375 0.01796875 0.0078125 0.00625
0 0.98359375 0.03359375 0.00859375 0.00625
0 0.9859375 0.0421875 0.00390625 0.0046875
1 0.1359375 0.70234375 0.009375 0.009375
1 0.31953125 0.43515625 0.00546875 0.00625