1 0.2078125 0.18828125 0.02109375 0.03828125
0 0.4671875 0.04921875 0.05625 0.015625
0 0.93515625 0.24765625 0.01328125 0.0515625
0 0.93046875 0.67890625 0.0125 0.02890625
0 0.5234375 0.92734375 0.0640625 0.00859375
0 0.075 0.9125 0.01484375 0.0171875
0 0.0609375 0.5671875 0.0109375 0.053125
0 0.05703125 0.153125 0.00703125 0.040625
1 0.6578125 0.18203125 0.02890625 0.0234375
1 0.51953125 0.490625 0.03203125 0.02421875
1 0.3328125 0.6609375 0.02578125 0.021875
1 0.7671875 0.74296875 0.01796875 0.0140625
0 0.075 0.05625 0.03828125 0.00703125
2 0.5640625 0.88828125 0.00546875 0.01953125
2 0.58046875 0.728125 0.14609375 0.0671875
2 0.32890625 0.4828125 0.13046875 0.1125
2 0.67734375 0.4046875 0.11484375 0.09140625
2 0.43046875 0.1859375 0.23046875 0.02734375