1 0.38203125 0.2765625 0.009375 0.01015625
1 0.28515625 0.628125 0.0078125 0.00703125
1 0.18046875 0.78671875 0.00859375 0.00625
0 0.33828125 0.94921875 0.0328125 0.01796875
1 0.5015625 0.75625 0.00625 0.00625
1 0.69140625 0.625 0.0078125 0.009375
1 0.5625 0.52578125 0.0109375 0.00859375
1 0.709375 0.30859375 0.00859375 0.00703125
1 0.87578125 0.13984375 0.0125 0.0109375
1 0.83359375 0.84375 0.01015625 0.0078125
0 0.9 0.9578125 0.01171875 0.00546875
0 0.8140625 0.95859375 0.02109375 0.00625
0 0.9484375 0.80234375 0.02421875 0.040625